5.082867145538330078e-01
6.891124248504638672e-01
7.275267839431762695e-01
1.959344595670700073e-01
6.197227239608764648e-01
5.532793998718261719e-01
3.890736401081085205e-01
5.258569121360778809e-01
4.957781732082366943e-01
2.079694569110870361e-01
5.439327955245971680e-01
2.591299414634704590e-01
6.694765090942382812e-01
6.304715871810913086e-01
8.682664632797241211e-01
4.764057695865631104e-01
6.144778728485107422e-01
5.899147391319274902e-01
6.960676908493041992e-01
5.766456127166748047e-01
7.054524421691894531e-01
5.371767878532409668e-01
5.941197276115417480e-01
5.748255848884582520e-01
2.330253422260284424e-01
5.540676712989807129e-01
8.307205438613891602e-01
7.726827859878540039e-01
9.878363013267517090e-01
5.909865498542785645e-01
6.695778369903564453e-01
7.188190221786499023e-01
7.593423724174499512e-01
5.883148312568664551e-01
5.523719787597656250e-01
6.370862722396850586e-01
9.310116767883300781e-01
5.410047173500061035e-01
7.401596903800964355e-01
6.503236889839172363e-01
6.041131615638732910e-01
4.244492948055267334e-01
2.074457108974456787e-01
6.172411441802978516e-01
4.869109988212585449e-01
6.393604278564453125e-01
6.995852589607238770e-01
6.113674640655517578e-01
6.696770787239074707e-01
6.939516663551330566e-01
6.402029395103454590e-01
5.054441690444946289e-01
6.365832686424255371e-01
6.694206595420837402e-01
6.380552649497985840e-01
5.453485250473022461e-01
5.171527266502380371e-01
5.302331447601318359e-01
6.562506556510925293e-01
6.046886444091796875e-01
7.940071821212768555e-01
6.295856833457946777e-01
7.290159463882446289e-01
5.466502904891967773e-01
6.307571530342102051e-01
8.744247555732727051e-01
6.193964481353759766e-01
5.505822896957397461e-01
1.230969801545143127e-01
4.345182776451110840e-01
7.966550588607788086e-01
5.621767640113830566e-01
8.021455407142639160e-01
4.141189754009246826e-01
6.541766524314880371e-01
8.277187347412109375e-01
5.167987346649169922e-01
7.005476951599121094e-01
7.227308750152587891e-01
5.799977779388427734e-01
7.994085550308227539e-01
5.938436388969421387e-01
5.435687303543090820e-01
6.548130512237548828e-01
3.862227499485015869e-01
5.983080267906188965e-01
6.993550658226013184e-01
6.555299162864685059e-01
6.811189055442810059e-01
8.180771470069885254e-01
1.293971240520477295e-01
2.721807360649108887e-01
7.740238308906555176e-01
4.953330457210540771e-01
6.683193445205688477e-01
4.406372904777526855e-01
8.284010291099548340e-01
9.454192519187927246e-01
6.795976758003234863e-01
2.330820113420486450e-01
9.854258894920349121e-01
4.191716313362121582e-01
4.490450918674468994e-01
2.042670547962188721e-01
6.305503845214843750e-01
6.839087009429931641e-01
6.232427358627319336e-01
8.771935105323791504e-01
4.634917080402374268e-01
4.462667405605316162e-01
4.434265792369842529e-01
1.607671827077865601e-01
6.085968613624572754e-01
6.978310942649841309e-01
7.630406022071838379e-01
6.875803470611572266e-01
6.428590416908264160e-01
1.927335113286972046e-01
7.615055441856384277e-01
5.703177452087402344e-01
6.128473877906799316e-01
9.133738875389099121e-01
7.633457779884338379e-01
6.055590510368347168e-01
7.691342830657958984e-01
6.057074666023254395e-01
5.917858481407165527e-01
6.346005797386169434e-01
1.546109467744827271e-01
6.520116925239562988e-01
6.827740073204040527e-01
7.524804472923278809e-01
5.445669293403625488e-01
4.636662006378173828e-01
4.785341918468475342e-01
5.829507112503051758e-01
8.198949694633483887e-01
7.126532793045043945e-01
2.332601230591535568e-03
6.271611452102661133e-01
6.040110588073730469e-01
5.258985757827758789e-01
6.583875417709350586e-01
5.990865826606750488e-01
9.524236917495727539e-01
4.513048827648162842e-01
2.897578179836273193e-01
3.572426140308380127e-01
4.588752090930938721e-01
5.861020088195800781e-01
5.765967965126037598e-01
8.451278805732727051e-01
7.513495683670043945e-01
4.104610085487365723e-01
9.765293002128601074e-01
8.287243843078613281e-01
5.790834426879882812e-01
5.911912322044372559e-01
6.939624547958374023e-01
4.730098545551300049e-01
4.226469397544860840e-01
5.214015841484069824e-01
5.899756550788879395e-01
2.540217339992523193e-01
3.773367106914520264e-01
6.269760131835937500e-01
7.632496356964111328e-01
4.994001090526580811e-01
6.081331968307495117e-01
3.498995304107666016e-01
3.636213243007659912e-01
7.261396646499633789e-01
4.347850382328033447e-01
5.681209564208984375e-01
2.820092439651489258e-01
9.420435428619384766e-01
7.079604864120483398e-01
5.780401229858398438e-01
5.437993407249450684e-01
6.675392985343933105e-01
6.049573421478271484e-01
5.762383937835693359e-01
2.618934512138366699e-01
5.727485418319702148e-01
6.455689072608947754e-01
6.271260380744934082e-01
4.428780376911163330e-01
5.182949900627136230e-01
5.469368696212768555e-01
6.007580161094665527e-01
6.184933781623840332e-01
6.103995442390441895e-01
5.067368149757385254e-01
8.217189311981201172e-01
6.390377879142761230e-01
7.392128109931945801e-01
7.153601050376892090e-01
5.934393405914306641e-01
7.423129677772521973e-01
7.818642854690551758e-01
6.884998679161071777e-01
6.950778365135192871e-01
8.420868515968322754e-01
7.004744410514831543e-01
4.732008874416351318e-01
5.007337927818298340e-01
4.716492593288421631e-01
5.005464553833007812e-01
5.474703311920166016e-01
4.437287151813507080e-01
4.682604372501373291e-01
5.777179598808288574e-01
4.271399080753326416e-01
1.932184696197509766e-01
5.522692799568176270e-01
6.650257706642150879e-01
5.897210240364074707e-01
4.246932864189147949e-01
5.827906131744384766e-01
6.245387792587280273e-01
1.559874266386032104e-01
7.487233281135559082e-01
6.654103994369506836e-01
6.607497334480285645e-01
6.228916645050048828e-01
5.713900327682495117e-01
6.956214904785156250e-01
5.601220726966857910e-01
7.022988200187683105e-01
6.346439719200134277e-01
7.903242707252502441e-01
7.092081308364868164e-01
4.689972400665283203e-01
9.721857309341430664e-01
5.583220124244689941e-01
6.183816194534301758e-01
1.549223661422729492e-01
7.493366003036499023e-01
6.543627977371215820e-01
5.838323831558227539e-01
6.255967020988464355e-01
3.218286335468292236e-01
1.404705923050642014e-03
7.475880384445190430e-01
6.055646538734436035e-01
6.809639334678649902e-01
4.043382704257965088e-01
5.886045694351196289e-01
7.741389274597167969e-01
5.617250800132751465e-01
6.240799427032470703e-01
5.013079047203063965e-01
6.048153042793273926e-01
7.464086413383483887e-01
6.160970926284790039e-01
6.162980794906616211e-01
5.836347937583923340e-01
6.427599191665649414e-01
5.576706528663635254e-01
6.873522996902465820e-01
5.592477917671203613e-01
6.491437554359436035e-01
8.876915574073791504e-01
7.070804238319396973e-01
9.883948564529418945e-01
7.466165423393249512e-01
6.736202836036682129e-01
7.110692858695983887e-01
5.409861207008361816e-01
4.952256679534912109e-01
5.465720891952514648e-01
2.979637980461120605e-01
4.597925245761871338e-01
6.217357516288757324e-01
5.629597306251525879e-01
4.100014567375183105e-01
4.748107790946960449e-01
6.295182704925537109e-01
7.899566292762756348e-01
5.107046961784362793e-01
6.277189254760742188e-01
6.560528278350830078e-01
3.797567784786224365e-01
4.401744008064270020e-01
7.662543058395385742e-01
6.037998199462890625e-01
4.613087177276611328e-01
5.476453304290771484e-01
4.453170597553253174e-01
7.632192969322204590e-01
6.827859282493591309e-01
4.599117934703826904e-01
7.797529697418212891e-01
7.114793360233306885e-02
6.888523101806640625e-01
5.462493300437927246e-01
6.235522627830505371e-01
7.281198501586914062e-01
3.352749049663543701e-01
5.567458868026733398e-01
5.392874479293823242e-01
6.336219310760498047e-01
3.578619062900543213e-01
6.788371205329895020e-01
4.096073806285858154e-01
7.063794732093811035e-01
6.488819122314453125e-01
6.018136739730834961e-01
5.708029866218566895e-01
5.826706290245056152e-01
4.099064171314239502e-01
5.365850925445556641e-01
4.736299514770507812e-01
5.987941026687622070e-01
6.770355701446533203e-01
5.729144215583801270e-01
4.891567826271057129e-01
5.914052128791809082e-01
6.188168525695800781e-01
3.795149326324462891e-01
7.202931642532348633e-01
5.053351521492004395e-01
6.269708275794982910e-01
4.501057267189025879e-01
7.429261803627014160e-01
5.809214115142822266e-01
7.060047388076782227e-01
6.593861579895019531e-01
4.211742281913757324e-01
6.733759045600891113e-01
6.627353429794311523e-01
5.532182455062866211e-01
4.729493558406829834e-01
8.747689723968505859e-01
6.064406633377075195e-01
3.849089145660400391e-01
4.629657864570617676e-01
6.707957386970520020e-01
8.435149192810058594e-01
4.109950363636016846e-01
6.938489675521850586e-01
6.394574642181396484e-01
5.880994796752929688e-01
3.080238997936248779e-01
5.339809060096740723e-01
4.998350143432617188e-01
7.025379538536071777e-01
6.170616745948791504e-01
6.407247185707092285e-01
6.729599237442016602e-01
6.060742139816284180e-01
5.349996089935302734e-01
6.853690743446350098e-01
6.551377177238464355e-01
6.415445208549499512e-01
5.980799198150634766e-01
8.751095533370971680e-01
3.775146603584289551e-01
7.602726817131042480e-01
6.720283627510070801e-01
6.692691445350646973e-01
5.870466828346252441e-01
7.220529913902282715e-01
5.138938426971435547e-01
6.937054395675659180e-01
7.121632695198059082e-01
6.287394165992736816e-01
6.812738776206970215e-01
7.231158614158630371e-01
5.328673124313354492e-01
8.821354508399963379e-01
2.699455916881561279e-01
6.082091331481933594e-01
5.510005950927734375e-01
5.534847974777221680e-01
5.760755538940429688e-01
7.003512382507324219e-01
6.444551944732666016e-01
6.984129548072814941e-01
4.611372649669647217e-01
4.987842142581939697e-01
7.077934741973876953e-01
7.355763912200927734e-01
5.488671660423278809e-01
6.140675544738769531e-01
6.590884327888488770e-01
7.940328717231750488e-01
5.969527959823608398e-01
7.827952504158020020e-01
5.312973856925964355e-01
5.905809402465820312e-01
5.387887954711914062e-01
6.852744221687316895e-01
4.880392253398895264e-01
6.513310074806213379e-01
1.764785498380661011e-01
8.421995639801025391e-01
5.489632487297058105e-01
7.372530102729797363e-01
5.351188182830810547e-01
6.731317043304443359e-01
6.088134050369262695e-01
4.876031279563903809e-01
2.419811636209487915e-01
6.066218018531799316e-01
5.489467978477478027e-01
8.302644491195678711e-01
8.152791857719421387e-01
4.657139182090759277e-01
8.143597841262817383e-01
5.000228881835937500e-01
6.787145137786865234e-01
3.537535965442657471e-01
7.039731740951538086e-01
5.006963014602661133e-01
5.983103513717651367e-01
6.446537375450134277e-01
7.806544899940490723e-01
5.535373091697692871e-01
7.919313907623291016e-01
5.798899531364440918e-01
8.132923245429992676e-01
4.366246759891510010e-01
6.122286319732666016e-01
7.002224326133728027e-01
5.883249640464782715e-01
5.902900099754333496e-01
7.049819231033325195e-01
6.413674354553222656e-01
6.344886422157287598e-01
3.957724571228027344e-01
7.306959629058837891e-01
4.065850973129272461e-01
6.726943850517272949e-01
7.986413240432739258e-01
5.260885953903198242e-01
6.202754974365234375e-01
6.209127306938171387e-01
7.106048464775085449e-01
6.843534708023071289e-01
5.086042284965515137e-01
3.913704156875610352e-01
6.150082349777221680e-01
5.416417717933654785e-01
2.381677031517028809e-01
6.052992343902587891e-01
2.870060503482818604e-01
5.872800946235656738e-01
4.970716834068298340e-01
4.212912917137145996e-01
4.666108191013336182e-01
6.793217658996582031e-01
6.844674944877624512e-01
7.770332694053649902e-01
2.646413743495941162e-01
6.293300390243530273e-01
7.859541773796081543e-01
7.607847452163696289e-01
3.021831810474395752e-01
4.925477504730224609e-01
2.353048026561737061e-01
5.576102733612060547e-01
5.821284651756286621e-01
6.233184337615966797e-01
6.176041960716247559e-01
6.089646816253662109e-01
3.078051209449768066e-01
5.965235829353332520e-01
5.190491676330566406e-01
6.712036132812500000e-01
7.459874153137207031e-01
5.609020590782165527e-01
2.510581314563751221e-01
6.811422705650329590e-01
6.860040426254272461e-01
4.388970434665679932e-01
2.213839590549468994e-01
6.663041114807128906e-01
5.251584053039550781e-01
7.564812302589416504e-01
4.804212749004364014e-01
8.155441880226135254e-01
6.238980889320373535e-01
5.346215963363647461e-01
6.732269525527954102e-01
6.928147077560424805e-01
3.991588354110717773e-01
9.204559326171875000e-01
7.724041342735290527e-01
7.078049182891845703e-01
4.474756121635437012e-01
5.487729310989379883e-01
4.929390549659729004e-01
6.050652265548706055e-01
8.507760167121887207e-01
6.783717870712280273e-01
3.990173041820526123e-01
6.184311509132385254e-01
4.321119189262390137e-01
4.469163715839385986e-01
9.018704891204833984e-01
7.816774249076843262e-01
4.768763780593872070e-01
7.633981108665466309e-01
7.109064459800720215e-01
6.589199900627136230e-01
6.903156638145446777e-01
6.731240153312683105e-01
7.206104993820190430e-01
7.052541375160217285e-01
6.417122483253479004e-01
6.206913590431213379e-01
3.178223669528961182e-01
6.821458935737609863e-01
3.937182128429412842e-01
5.963894128799438477e-01
5.855232477188110352e-01
5.454676747322082520e-01
5.600530505180358887e-01
6.033787727355957031e-01
5.403093695640563965e-01
6.984611153602600098e-01
2.038311213254928589e-01
3.494828641414642334e-01
6.683152318000793457e-01
5.055205821990966797e-01
6.396672129631042480e-01
6.194869279861450195e-01
6.130272150039672852e-01
6.045532822608947754e-01
7.898969054222106934e-01
6.074674129486083984e-01
5.360006093978881836e-01
3.038927912712097168e-01
5.037428736686706543e-01
5.597500205039978027e-01
5.383583307266235352e-01
7.469478845596313477e-01
6.770378947257995605e-01
5.654978752136230469e-01
3.187510669231414795e-01
6.347755789756774902e-01
5.838183164596557617e-01
4.346408843994140625e-01
6.748291254043579102e-01
4.988574683666229248e-01
6.321535706520080566e-01
6.077142357826232910e-01
5.492077469825744629e-01
5.383533239364624023e-01
4.948051869869232178e-01
6.975492835044860840e-01
5.814443230628967285e-01
4.727025032043457031e-01
4.549100100994110107e-01
5.150611996650695801e-01
5.617520213127136230e-01
4.587072432041168213e-01
5.802588462829589844e-01
2.397799938917160034e-01
6.648936867713928223e-01
6.952750086784362793e-01
6.520722508430480957e-01
6.725832819938659668e-01
1.419550776481628418e-01
7.533620595932006836e-01
5.243098735809326172e-01
5.090178251266479492e-01
6.794742345809936523e-01
6.855928301811218262e-01
6.263551712036132812e-01
6.989344954490661621e-01
6.608474850654602051e-01
3.367153704166412354e-01
6.912528872489929199e-01
6.174393296241760254e-01
6.162472367286682129e-01
5.197606682777404785e-01
4.255983531475067139e-01
8.327273130416870117e-01
6.742002367973327637e-01
6.401323080062866211e-01
5.047003626823425293e-01
8.162447214126586914e-01
5.740984678268432617e-01
5.627860426902770996e-01
7.888666391372680664e-01
2.582517564296722412e-01
4.149580597877502441e-01
3.374577164649963379e-01
3.513437211513519287e-01
6.198108196258544922e-01
5.051874518394470215e-01
6.250990033149719238e-01
1.966975629329681396e-01
6.548314690589904785e-01
4.664622247219085693e-01
5.200231671333312988e-01
6.379417777061462402e-01
6.403149366378784180e-01
5.011333823204040527e-01
3.991771936416625977e-01
5.869983434677124023e-01
5.167596936225891113e-01
4.924160242080688477e-01
9.395918846130371094e-01
5.523184537887573242e-01
5.640344023704528809e-01
4.077538549900054932e-01
1.435688138008117676e-01
7.776427865028381348e-01
6.620508432388305664e-01
5.294820666313171387e-01
2.050526440143585205e-01
2.283567339181900024e-01
1.990717351436614990e-01
5.053559541702270508e-01
5.437932610511779785e-01
4.302164912223815918e-01
1.207286268472671509e-01
6.868577599525451660e-01
6.640413403511047363e-01
3.160840868949890137e-01
3.914557993412017822e-01
5.116876363754272461e-01
6.415691971778869629e-01
5.492123961448669434e-01
6.978142261505126953e-01
9.857388138771057129e-01
4.381535947322845459e-01
5.752333402633666992e-01
6.992085576057434082e-01
3.166342675685882568e-01
7.325510382652282715e-01
1.541505455970764160e-01
7.332949042320251465e-01
4.448165595531463623e-01
4.393321275711059570e-01
6.754486560821533203e-01
5.518805384635925293e-01
6.262148022651672363e-01
2.033456601202487946e-02
5.790668129920959473e-01
5.437481403350830078e-01
5.155162811279296875e-01
3.141975104808807373e-01
3.671453595161437988e-01
5.651535391807556152e-01
7.414621710777282715e-01
6.255579590797424316e-01
7.180448770523071289e-01
1.095301061868667603e-01
6.120158433914184570e-01
4.632014334201812744e-01
5.032389163970947266e-01
6.282069683074951172e-01
7.333234548568725586e-01
3.814919292926788330e-01
5.976298451423645020e-01
3.846789002418518066e-01
5.860995054244995117e-01
6.682763695716857910e-01
7.086017131805419922e-01
5.506367683410644531e-01
7.552827000617980957e-01
6.889774203300476074e-01
9.423803091049194336e-01
4.306348562240600586e-01
4.907969832420349121e-01
4.377970993518829346e-01
5.694909095764160156e-01
6.657788753509521484e-01
6.722183823585510254e-01
8.926807641983032227e-01
1.677717119455337524e-01
5.468521714210510254e-01
4.444589316844940186e-01
6.176756620407104492e-01
8.294944763183593750e-01
6.764313578605651855e-01
6.096180677413940430e-01
3.848082125186920166e-01
6.389173269271850586e-01
2.075954377651214600e-01
5.819242000579833984e-01
5.689129233360290527e-01
5.992275476455688477e-01
9.117676019668579102e-01
7.050136923789978027e-01
6.590952277183532715e-01
8.099737763404846191e-01
5.210267901420593262e-01
6.003664731979370117e-01
6.362184286117553711e-01
3.831818103790283203e-01
6.767482161521911621e-01
5.887576341629028320e-01
4.434833824634552002e-01
6.501815319061279297e-01
7.130109667778015137e-01
5.744245648384094238e-01
5.518082380294799805e-01
6.206516623497009277e-01
6.412110328674316406e-01
7.416377663612365723e-01
5.674265027046203613e-01
7.118319869041442871e-01
5.660576820373535156e-01
6.323213577270507812e-01
6.880740523338317871e-01
7.912922501564025879e-01
5.721370577812194824e-01
6.836987733840942383e-01
4.131396710872650146e-01
6.366184353828430176e-01
5.496055483818054199e-01
5.419630408287048340e-01
5.926106572151184082e-01
3.014816939830780029e-01
5.471760630607604980e-01
4.112122952938079834e-01
5.355957150459289551e-01
6.519979238510131836e-01
6.075732707977294922e-01
5.424006581306457520e-01
3.798163831233978271e-01
4.590659439563751221e-01
5.346240997314453125e-01
5.533440113067626953e-01
5.922135114669799805e-01
6.019576191902160645e-01
7.211955189704895020e-01
8.336619734764099121e-01
6.249198913574218750e-01
7.532309889793395996e-01
7.871308922767639160e-01
3.882593810558319092e-01
5.464615225791931152e-01
3.153883218765258789e-01
6.316376924514770508e-01
6.269001364707946777e-01
6.447594761848449707e-01
5.374139547348022461e-01
3.867779672145843506e-01
5.444245934486389160e-01
4.260132312774658203e-01
5.179877877235412598e-01
7.446351051330566406e-01
6.270255446434020996e-01
7.637987732887268066e-01
6.866011023521423340e-01
4.517119824886322021e-01
4.928096234798431396e-01
6.406027078628540039e-01
6.639708876609802246e-01
7.914988994598388672e-01
4.666319489479064941e-01
6.049321889877319336e-01
4.176229536533355713e-01
6.678972244262695312e-01
5.291657447814941406e-01
7.742509245872497559e-01
6.390475034713745117e-01
3.075799942016601562e-01
5.886580944061279297e-01
5.716362595558166504e-01
3.944896459579467773e-01
6.461418271064758301e-01
6.083318591117858887e-01
6.281194686889648438e-01
5.773848295211791992e-01
2.681819796562194824e-01
5.593236088752746582e-01
5.388061404228210449e-01
5.950793623924255371e-01
6.632193326950073242e-01
3.965623378753662109e-01
7.849095463752746582e-01
2.893097400665283203e-01
5.587996840476989746e-01
5.367969870567321777e-01
5.305814146995544434e-01
7.813332080841064453e-01
4.778313934803009033e-01
5.537694692611694336e-01
6.996486186981201172e-01
6.749515533447265625e-01
9.345096349716186523e-01
5.456376671791076660e-01
5.520942211151123047e-01
4.817656576633453369e-01
9.142424464225769043e-01
4.173880219459533691e-01
4.481573700904846191e-01
4.790913164615631104e-01
6.566458344459533691e-01
6.583287715911865234e-01
8.963153958320617676e-01
5.618723630905151367e-01
5.568807721138000488e-01
3.817944526672363281e-01
6.715741157531738281e-01
6.732653975486755371e-01
7.056490778923034668e-01
5.307639837265014648e-01
3.505436182022094727e-01
6.147212386131286621e-01
4.632100462913513184e-01
5.717287659645080566e-01
7.145746350288391113e-01
5.368087887763977051e-01
5.651205182075500488e-01
2.304766029119491577e-01
6.225900053977966309e-01
8.473857641220092773e-01
6.043082475662231445e-01
8.277758955955505371e-01
4.945028424263000488e-01
6.496630907058715820e-01
6.039119958877563477e-01
4.128786623477935791e-01
3.379833400249481201e-01
5.171421766281127930e-01
5.413494110107421875e-01
4.839923083782196045e-01
6.695991754531860352e-01
6.109363436698913574e-01
4.410402774810791016e-01
5.933421850204467773e-01
6.350053548812866211e-01
7.808922529220581055e-01
6.066010594367980957e-01
2.394468933343887329e-01
7.371861338615417480e-01
5.933544039726257324e-01
6.089632511138916016e-01
5.752154588699340820e-01
6.017116904258728027e-01
3.540650904178619385e-01
7.896594405174255371e-01
4.768506288528442383e-01
5.651962161064147949e-01
9.213830232620239258e-01
6.878268718719482422e-01
6.074056625366210938e-01
4.056630134582519531e-01
5.947629213333129883e-01
5.601907968521118164e-01
6.968195438385009766e-01
7.969913482666015625e-01
8.545042872428894043e-01
6.201771497726440430e-01
6.005505919456481934e-01
5.835279226303100586e-01
5.562202930450439453e-01
5.352217555046081543e-01
1.226361170411109924e-01
6.506558060646057129e-01
6.290832161903381348e-01
5.978341698646545410e-01
5.717012882232666016e-01
6.218617558479309082e-01
5.623944997787475586e-01
6.001164317131042480e-01
2.770890593528747559e-01
8.345053195953369141e-01
6.282231211662292480e-01
3.388466536998748779e-01
3.055827617645263672e-01
6.168759241700172424e-02
5.169219970703125000e-01
9.323213100433349609e-01
5.694952011108398438e-01
6.662027835845947266e-01
4.638478457927703857e-01
9.026586194522678852e-04
5.163509249687194824e-01
4.613301455974578857e-01
5.454524159431457520e-01
7.361134290695190430e-01
5.968191027641296387e-01
7.090589404106140137e-01
7.017189264297485352e-01
4.733147025108337402e-01
5.715327858924865723e-01
4.633143544197082520e-01
7.698544859886169434e-01
6.531067937612533569e-02
6.027612686157226562e-01
7.909569144248962402e-01
7.330582141876220703e-01
6.923455595970153809e-01
6.609784364700317383e-01
5.494930148124694824e-01
7.615603208541870117e-01
7.040494680404663086e-01
8.440321087837219238e-01
5.160349011421203613e-01
3.962186872959136963e-01
6.125270128250122070e-01
7.008996605873107910e-01
6.680191159248352051e-01
7.528834939002990723e-01
6.149938106536865234e-01
4.871094822883605957e-01
3.527306020259857178e-01
6.897708773612976074e-01
7.387399077415466309e-01
6.425952315330505371e-01
6.209381818771362305e-01
4.810080826282501221e-01
6.416747570037841797e-01
5.281770229339599609e-01
6.670206785202026367e-01
5.561188459396362305e-01
6.295458674430847168e-01
5.990714430809020996e-01
4.855842590332031250e-01
1.210059449076652527e-01
6.858944892883300781e-01
5.702720880508422852e-01
4.616261422634124756e-01
9.659048914909362793e-01
3.261647820472717285e-01
7.136430740356445312e-01
5.915409326553344727e-01
3.934598267078399658e-01
6.155670881271362305e-01
7.147459983825683594e-01
5.979110598564147949e-01
5.896139144897460938e-01
6.718575358390808105e-01
8.316670060157775879e-01
8.689248561859130859e-01
5.455460548400878906e-01
7.751118540763854980e-01
8.833498954772949219e-01
5.703296661376953125e-01
6.485999226570129395e-01
7.394655942916870117e-01
5.181350111961364746e-01
4.282287955284118652e-01
4.307250380516052246e-01
4.540430009365081787e-01
6.446441411972045898e-01
4.645482003688812256e-01
6.839612126350402832e-01
5.926193594932556152e-01
6.954563260078430176e-01
4.997947216033935547e-01
7.779729962348937988e-01
5.586882829666137695e-01
4.050329625606536865e-01
3.880208432674407959e-01
6.726007461547851562e-01
3.291551470756530762e-01
4.595754146575927734e-01
4.946366548538208008e-01
3.638373613357543945e-01
5.985162258148193359e-01
5.858353376388549805e-01
5.617903470993041992e-01
6.975623369216918945e-01
4.939840734004974365e-01
5.774763226509094238e-01
6.951966285705566406e-01
6.858507990837097168e-01
5.641694068908691406e-01
2.372268140316009521e-01
3.958455920219421387e-01
6.766214966773986816e-01
5.178660154342651367e-01
4.316820204257965088e-01
4.151159524917602539e-01
7.129743099212646484e-01
6.749169826507568359e-01
3.047088682651519775e-01
3.215933144092559814e-01
7.569232583045959473e-01
6.581906080245971680e-01
6.173388957977294922e-01
5.728644132614135742e-01
6.428405642509460449e-01
5.771141052246093750e-01
9.028849601745605469e-01
5.953125357627868652e-01
2.968834340572357178e-01
5.297793745994567871e-01
5.962796211242675781e-01
5.704674124717712402e-01
5.690875053405761719e-01
4.038853049278259277e-01
5.495472550392150879e-01
5.158987641334533691e-01
4.828354716300964355e-01
5.930096507072448730e-01
7.658000588417053223e-01
8.065196871757507324e-01
6.991623044013977051e-01
5.431838035583496094e-01
1.818383187055587769e-01
7.786391675472259521e-02
7.031607627868652344e-01
5.968262553215026855e-01
6.827590465545654297e-01
6.163619756698608398e-01
5.250949263572692871e-01
5.158034563064575195e-01
3.702968955039978027e-01
1.712192445993423462e-01
3.448047041893005371e-01
3.751235902309417725e-01
6.195431351661682129e-01
2.560208141803741455e-01
5.919349789619445801e-01
5.769702196121215820e-01
6.075639128684997559e-01
8.688669204711914062e-01
7.438085079193115234e-01
7.231953144073486328e-01
6.331222057342529297e-01
4.961586371064186096e-02
7.820521593093872070e-01
3.556519746780395508e-01
4.319285452365875244e-01
6.059236526489257812e-01
6.269413828849792480e-01
8.786469101905822754e-01
9.152286052703857422e-01
6.098557710647583008e-01
6.762091517448425293e-01
6.518315672874450684e-01
8.752310276031494141e-01
4.075672030448913574e-01
7.113621830940246582e-01
7.650488018989562988e-01
5.181092023849487305e-01
4.971321523189544678e-01
3.026607334613800049e-01
3.584854602813720703e-01
6.857682466506958008e-01
6.828740835189819336e-01
4.019977152347564697e-01
6.366311907768249512e-01
5.493989586830139160e-01
7.007539868354797363e-01
4.022207856178283691e-01
8.340300321578979492e-01
6.823368668556213379e-01
6.477422118186950684e-01
6.802956461906433105e-01
4.195034503936767578e-01
7.577947974205017090e-01
5.797650218009948730e-01
5.531395077705383301e-01
6.424294114112854004e-01
7.116260528564453125e-01
5.530960559844970703e-01
4.637518525123596191e-01
5.423905849456787109e-01
7.604184746742248535e-01
7.201870679855346680e-01
6.579197049140930176e-01
8.108025193214416504e-01
5.987741351127624512e-01
7.359774112701416016e-01
6.932342052459716797e-01
7.449113726615905762e-01
6.485763788223266602e-01
6.624671220779418945e-01
9.242775440216064453e-01
3.042616248130798340e-01
9.084042161703109741e-02
3.835474550724029541e-01
7.024940848350524902e-01
5.832129120826721191e-01
4.674335718154907227e-01
7.281793355941772461e-01
7.443972826004028320e-01
5.204834342002868652e-01
3.847534954547882080e-01
5.785538554191589355e-01
6.663065552711486816e-01
6.559966802597045898e-01
1.511173695325851440e-01
5.537189245223999023e-01
4.269679784774780273e-01
4.694969654083251953e-01
1.815849393606185913e-01
4.533859491348266602e-01
6.202073097229003906e-01
7.364081740379333496e-01
6.030334830284118652e-01
6.023399233818054199e-01
4.370737969875335693e-01
6.010767817497253418e-01
6.383455991744995117e-01
7.086491584777832031e-01
6.377060413360595703e-01
5.892201066017150879e-01
6.378596425056457520e-01
8.237650394439697266e-01
6.274302601814270020e-01
4.472049772739410400e-01
6.333637833595275879e-01
5.929331779479980469e-01
4.807913899421691895e-01
7.587361931800842285e-01
7.635115981101989746e-01
3.231730163097381592e-01
8.920320868492126465e-01
4.219261109828948975e-01
1.028841212391853333e-01
5.307506322860717773e-01
7.417165637016296387e-01
7.301402091979980469e-01
5.008479356765747070e-01
8.486542701721191406e-01
7.387424707412719727e-01
4.106392860412597656e-01
6.661453843116760254e-01
6.232232451438903809e-01
4.786200225353240967e-01
6.679949760437011719e-01
4.842333495616912842e-01
8.779521286487579346e-02
6.417521834373474121e-01
6.485999226570129395e-01
5.231395959854125977e-01
4.067676961421966553e-01
4.746457040309906006e-01
5.979511141777038574e-01
7.576640844345092773e-01
7.027299404144287109e-01
5.587765574455261230e-01
5.483486652374267578e-01
5.828167796134948730e-01
7.522421479225158691e-01
5.435017347335815430e-01
7.558379769325256348e-01
7.159764766693115234e-01
7.119817137718200684e-01
5.773305892944335938e-01
8.825008273124694824e-01
4.227746427059173584e-01
6.008515954017639160e-01
5.450017452239990234e-01
3.406664431095123291e-01
3.239442706108093262e-01
6.603390574455261230e-01
3.599274158477783203e-01
9.706489443778991699e-01
3.069805502891540527e-01
5.380958318710327148e-01
4.968364238739013672e-01
3.318209946155548096e-01
6.546428799629211426e-01
4.485125243663787842e-01
4.460264444351196289e-01
4.170819520950317383e-01
5.593827366828918457e-01
7.032757997512817383e-01
2.666134014725685120e-02
6.530498862266540527e-01
3.085507750511169434e-01
7.355135083198547363e-01
2.708881199359893799e-01
8.363329172134399414e-01
5.604442954063415527e-01
7.426334619522094727e-01
6.310172080993652344e-01
9.738976359367370605e-01
6.500928997993469238e-01
6.234579682350158691e-01
3.272662162780761719e-01
4.916365742683410645e-01
5.628915429115295410e-01
5.589821934700012207e-01
7.467861771583557129e-01
2.648337483406066895e-01
9.059069752693176270e-01
6.484149396419525146e-02
9.220775365829467773e-01
6.112855076789855957e-01
6.626613140106201172e-01
6.297978162765502930e-01
7.548519968986511230e-01
2.463144361972808838e-01
5.431742072105407715e-01
7.087540626525878906e-01
5.806078314781188965e-01
5.843055844306945801e-01
8.629260957241058350e-02
3.431498110294342041e-01
5.562006831169128418e-01
5.348973870277404785e-01
5.573546290397644043e-01
6.385481953620910645e-01
5.598736405372619629e-01
7.077534198760986328e-01
6.990720629692077637e-01
9.546921253204345703e-01
5.976132750511169434e-01
6.917859911918640137e-01
7.028663754463195801e-01
5.931345820426940918e-01
5.123356580734252930e-01
5.239456892013549805e-01
7.453752160072326660e-01
7.730665802955627441e-01
6.642536520957946777e-01
7.822384238243103027e-01
6.007329821586608887e-01
2.723582088947296143e-01
5.463103652000427246e-01
5.629968643188476562e-01
5.732799768447875977e-01
7.334169745445251465e-01
6.005510687828063965e-01
5.616519451141357422e-01
5.487995743751525879e-01
7.573344111442565918e-01
8.562465906143188477e-01
4.143054187297821045e-01
6.127915978431701660e-01
6.779350638389587402e-01
5.730425119400024414e-01
2.189911007881164551e-01
8.661916106939315796e-02
6.466867923736572266e-01
5.988166332244873047e-01
5.028914809226989746e-01
7.127652764320373535e-01
6.429074406623840332e-01
2.595883309841156006e-01
3.166099786758422852e-01
6.550984978675842285e-01
6.423909068107604980e-01
5.458614826202392578e-01
6.325931549072265625e-01
5.714710354804992676e-01
6.349875926971435547e-01
6.072605848312377930e-01
4.654674828052520752e-01
6.500530242919921875e-01
5.434460043907165527e-01
5.644654631614685059e-01
4.973072707653045654e-01
5.381418466567993164e-01
4.779081940650939941e-01
4.665171504020690918e-01
5.193861126899719238e-01
9.641571640968322754e-01
4.728924930095672607e-01
6.202085018157958984e-01
