7.086520195007324219e-01
4.645175039768218994e-01
4.693351984024047852e-01
6.174709200859069824e-01
6.855029463768005371e-01
5.312603712081909180e-01
5.748673677444458008e-01
5.569807887077331543e-01
3.356705009937286377e-01
5.018036365509033203e-01
4.996564090251922607e-01
5.069791674613952637e-01
5.321511030197143555e-01
3.220614194869995117e-01
5.613271594047546387e-01
6.945515275001525879e-01
6.610021591186523438e-01
5.514662861824035645e-01
6.476905345916748047e-01
6.040995121002197266e-01
6.703726649284362793e-01
5.651688575744628906e-01
6.240376234054565430e-01
4.575745463371276855e-01
5.641064643859863281e-01
4.535584151744842529e-01
7.814677953720092773e-01
6.613944768905639648e-01
3.636728823184967041e-01
6.217945218086242676e-01
6.652764081954956055e-01
3.677320480346679688e-01
4.431231319904327393e-01
6.158686876296997070e-01
7.500684857368469238e-01
6.443623304367065430e-01
4.486103653907775879e-01
4.944027066230773926e-01
6.118791103363037109e-01
4.859356880187988281e-01
2.580018937587738037e-01
5.354842543601989746e-01
6.061375141143798828e-01
4.227133393287658691e-01
5.896121263504028320e-01
6.839393973350524902e-01
4.652110636234283447e-01
6.227156519889831543e-01
6.274434924125671387e-01
4.755675196647644043e-01
5.676957368850708008e-01
6.909815073013305664e-01
4.821192920207977295e-01
6.957155466079711914e-01
7.011093497276306152e-01
5.873026251792907715e-01
4.735274314880371094e-01
4.289568066596984863e-01
5.484429001808166504e-01
5.089344382286071777e-01
5.822294354438781738e-01
7.177998423576354980e-01
7.670094966888427734e-01
3.056662678718566895e-01
3.973149359226226807e-01
6.186365485191345215e-01
4.109115600585937500e-01
6.243757605552673340e-01
5.798954963684082031e-01
6.203109622001647949e-01
5.807181000709533691e-01
6.940004229545593262e-01
6.161076426506042480e-01
6.555860042572021484e-01
7.225903868675231934e-01
5.736352205276489258e-01
5.925872325897216797e-01
6.229797601699829102e-01
6.113089323043823242e-01
7.594562172889709473e-01
5.764103531837463379e-01
6.371067762374877930e-01
6.054862737655639648e-01
5.436278581619262695e-01
7.306772470474243164e-01
4.627065062522888184e-01
4.568897485733032227e-01
5.825961828231811523e-01
2.806458771228790283e-01
5.901622176170349121e-01
6.182959079742431641e-01
5.657398700714111328e-01
7.504726648330688477e-01
6.455728411674499512e-01
6.090535521507263184e-01
6.544837951660156250e-01
5.828179121017456055e-01
2.698672413825988770e-01
5.962396264076232910e-01
4.343259632587432861e-01
6.556825041770935059e-01
6.039443612098693848e-01
5.298830866813659668e-01
6.320782303810119629e-01
5.381656289100646973e-01
7.232231497764587402e-01
5.753580331802368164e-01
5.771934986114501953e-01
7.348547577857971191e-01
3.800050616264343262e-01
5.831024050712585449e-01
4.747150540351867676e-01
7.146224975585937500e-01
6.450276970863342285e-01
6.167094707489013672e-01
5.644687414169311523e-01
5.602202415466308594e-01
6.219323277473449707e-01
2.433739155530929565e-01
3.966400623321533203e-01
5.299681425094604492e-01
5.276084542274475098e-01
6.053475737571716309e-01
4.310876429080963135e-01
4.903065860271453857e-01
6.302694678306579590e-01
4.410686790943145752e-01
7.504528164863586426e-01
6.019173860549926758e-01
5.395475029945373535e-01
4.025613069534301758e-01
6.841018795967102051e-01
5.383275747299194336e-01
5.749880075454711914e-01
2.581302821636199951e-01
2.744633555412292480e-01
1.172080934047698975e-01
3.736481666564941406e-01
5.211086869239807129e-01
4.614454805850982666e-01
6.985087990760803223e-01
6.951020359992980957e-01
9.603546261787414551e-01
6.657572388648986816e-01
6.276478767395019531e-01
6.441013813018798828e-01
5.854541063308715820e-01
4.920290410518646240e-01
3.772656321525573730e-01
5.625723004341125488e-01
6.559253334999084473e-01
8.962949365377426147e-02
5.762822628021240234e-01
5.610738992691040039e-01
4.417800903320312500e-01
5.777127146720886230e-01
4.912247359752655029e-01
5.261964797973632812e-01
6.369845867156982422e-01
1.358246058225631714e-01
5.918103456497192383e-01
5.097517371177673340e-01
6.286561489105224609e-01
4.507279694080352783e-01
3.050469756126403809e-01
5.466415286064147949e-01
6.245264410972595215e-01
6.174741983413696289e-01
6.138063669204711914e-01
5.610924363136291504e-01
5.384371280670166016e-01
7.107947468757629395e-01
2.956104874610900879e-01
7.690824270248413086e-01
5.375910997390747070e-01
1.601887941360473633e-01
4.599352777004241943e-01
4.848475456237792969e-01
6.874533891677856445e-01
5.093771219253540039e-01
5.124983787536621094e-01
5.814985632896423340e-01
6.010245680809020996e-01
5.760852694511413574e-01
7.838007211685180664e-01
2.541022300720214844e-01
2.876434922218322754e-01
7.478600740432739258e-01
5.943598151206970215e-01
5.999408960342407227e-01
4.105896651744842529e-01
5.707784891128540039e-01
5.302052497863769531e-01
6.366881132125854492e-01
6.214573979377746582e-01
4.995846152305603027e-01
4.778785705566406250e-01
5.086175799369812012e-01
6.338111162185668945e-01
5.685237646102905273e-01
6.265586018562316895e-01
8.417674303054809570e-01
5.955036878585815430e-01
6.278907060623168945e-01
9.541931152343750000e-01
4.740556478500366211e-01
5.915971398353576660e-01
4.462941288948059082e-01
6.463682055473327637e-01
6.391089558601379395e-01
7.924104928970336914e-01
2.499836385250091553e-01
5.910221338272094727e-01
4.780611991882324219e-01
7.215474247932434082e-01
6.206154227256774902e-01
6.358856558799743652e-01
6.130041480064392090e-01
8.066067099571228027e-01
6.462693810462951660e-01
5.807952880859375000e-01
6.455366611480712891e-01
5.860232710838317871e-01
4.655415117740631104e-01
6.790836453437805176e-01
3.019275069236755371e-01
6.278016567230224609e-01
5.698267221450805664e-01
7.191712856292724609e-01
5.303484797477722168e-01
6.027618646621704102e-01
7.787658572196960449e-01
5.030823945999145508e-01
6.238898038864135742e-01
5.584114193916320801e-01
1.588253974914550781e-01
6.277242302894592285e-01
2.288959622383117676e-01
1.367845684289932251e-01
5.418184995651245117e-01
7.293125987052917480e-01
6.745452880859375000e-01
5.240983963012695312e-01
8.381925225257873535e-01
5.630443692207336426e-01
4.705688655376434326e-01
6.460272073745727539e-01
6.331632733345031738e-01
6.319391727447509766e-01
5.961271524429321289e-01
7.576298713684082031e-01
3.155394792556762695e-01
6.020674705505371094e-01
7.350459694862365723e-01
7.410796880722045898e-01
5.904046893119812012e-01
6.739976406097412109e-01
4.771556556224822998e-01
8.768788576126098633e-01
1.551497578620910645e-01
6.686419248580932617e-01
5.832628607749938965e-01
6.026507616043090820e-01
4.606032967567443848e-01
6.374821066856384277e-01
5.422268509864807129e-01
6.499222517013549805e-01
6.804692745208740234e-01
6.603967547416687012e-01
7.277629375457763672e-01
5.891968607902526855e-01
7.236900329589843750e-01
6.375337839126586914e-01
4.972502887248992920e-01
5.117771625518798828e-01
6.064895987510681152e-01
8.282202482223510742e-01
7.580452561378479004e-01
3.449340760707855225e-01
6.371399164199829102e-01
5.785930752754211426e-01
4.251649975776672363e-01
7.026892304420471191e-01
5.078424811363220215e-01
7.905759811401367188e-01
6.192443370819091797e-01
6.484658718109130859e-01
6.904311180114746094e-01
5.820337533950805664e-01
7.076475024223327637e-01
6.315829157829284668e-01
6.092271804809570312e-01
6.098678708076477051e-01
2.935198247432708740e-01
6.406593918800354004e-01
5.717979073524475098e-01
5.975127816200256348e-01
5.828363299369812012e-01
6.469230055809020996e-01
7.201473712921142578e-01
7.110381126403808594e-01
5.987359285354614258e-01
3.830213248729705811e-01
6.454047560691833496e-01
6.011849641799926758e-01
6.291322112083435059e-01
6.080147624015808105e-01
5.658082365989685059e-01
5.610494613647460938e-01
4.511575102806091309e-01
6.195805668830871582e-01
6.145040988922119141e-01
8.242964148521423340e-01
4.980818629264831543e-01
6.263304948806762695e-01
4.027891159057617188e-01
6.040155887603759766e-01
5.763021111488342285e-01
3.520710021257400513e-02
4.969206750392913818e-01
1.850198954343795776e-01
4.948306083679199219e-01
6.573997139930725098e-01
5.462163090705871582e-01
5.926206707954406738e-01
5.713692307472229004e-01
5.804712176322937012e-01
5.861849784851074219e-01
3.314545154571533203e-01
4.973271787166595459e-01
4.583526551723480225e-01
4.693774282932281494e-01
5.857925415039062500e-01
6.660721898078918457e-01
5.370601415634155273e-01
5.076968669891357422e-01
6.488023996353149414e-01
5.774760842323303223e-01
3.785827159881591797e-01
6.914644837379455566e-01
5.465283393859863281e-01
6.321983337402343750e-01
5.932986736297607422e-01
5.799655318260192871e-01
4.774231314659118652e-01
7.085055708885192871e-01
7.921280264854431152e-01
5.796890258789062500e-01
5.902275443077087402e-01
6.018701195716857910e-01
5.925785899162292480e-01
7.291734218597412109e-01
7.966623306274414062e-01
5.103640556335449219e-01
3.015928566455841064e-01
6.736911535263061523e-01
4.787813723087310791e-01
5.949341654777526855e-01
4.496958851814270020e-01
6.747076511383056641e-01
1.601053923368453979e-01
6.501464247703552246e-01
6.163336634635925293e-01
1.864480823278427124e-01
4.406907260417938232e-01
6.228843927383422852e-01
7.150385379791259766e-01
6.299587488174438477e-01
6.218132972717285156e-01
3.364353775978088379e-01
5.838092565536499023e-01
6.518617272377014160e-01
6.276603937149047852e-01
6.455463171005249023e-01
4.402091801166534424e-01
7.133432030677795410e-01
6.224049329757690430e-01
5.255336761474609375e-01
6.102738380432128906e-01
7.041963338851928711e-01
4.668190181255340576e-01
8.187659829854965210e-02
5.558863878250122070e-01
5.449433922767639160e-01
8.407004475593566895e-01
5.601907372474670410e-01
7.420629858970642090e-01
5.955422520637512207e-01
4.352442622184753418e-01
6.456869840621948242e-01
7.126700282096862793e-01
1.355737745761871338e-01
5.807247161865234375e-01
5.106068253517150879e-01
4.763750433921813965e-01
5.757334828376770020e-01
6.336778402328491211e-01
6.212590336799621582e-01
1.119826585054397583e-01
6.259602308273315430e-01
5.872477889060974121e-01
7.157070636749267578e-01
2.684868872165679932e-01
5.480793118476867676e-01
6.740707755088806152e-01
6.794528961181640625e-01
6.029906272888183594e-01
4.514493644237518311e-01
5.601063370704650879e-01
4.414823055267333984e-01
4.555413722991943359e-01
5.188826918601989746e-01
5.746675729751586914e-01
5.952808260917663574e-01
6.685128211975097656e-01
7.805770635604858398e-01
6.524754762649536133e-01
6.208888292312622070e-01
5.899221897125244141e-01
5.715255737304687500e-01
4.879570305347442627e-01
4.877800643444061279e-01
5.094135999679565430e-01
4.677670598030090332e-01
4.928190112113952637e-01
4.778782129287719727e-01
5.229458212852478027e-01
8.283809423446655273e-01
5.176041722297668457e-01
7.867608666419982910e-01
5.008233189582824707e-01
5.593464970588684082e-01
3.582581579685211182e-01
6.886509060859680176e-01
6.849763393402099609e-01
5.316368341445922852e-01
4.741253852844238281e-01
5.821630358695983887e-01
5.971227884292602539e-01
3.735194802284240723e-01
5.699432492256164551e-01
4.500230848789215088e-01
6.495077013969421387e-01
6.008055806159973145e-01
6.318206787109375000e-01
4.238876700401306152e-01
5.433743000030517578e-01
5.902925729751586914e-01
6.616712212562561035e-01
1.432589143514633179e-01
1.203242689371109009e-01
6.574978828430175781e-01
6.942108869552612305e-01
4.257203638553619385e-01
5.979408025741577148e-01
5.572611093521118164e-01
7.076262235641479492e-01
4.758594930171966553e-01
6.883209943771362305e-01
4.691412746906280518e-01
5.965697169303894043e-01
5.355423092842102051e-01
6.647226214408874512e-01
6.425496935844421387e-01
3.312331736087799072e-01
4.774303436279296875e-01
4.888926148414611816e-01
5.264999866485595703e-01
6.666037440299987793e-01
3.655926585197448730e-01
6.097145676612854004e-01
6.105709075927734375e-01
5.898840427398681641e-01
6.607977747917175293e-01
5.927272439002990723e-01
6.134905219078063965e-01
4.839624464511871338e-01
5.864271521568298340e-01
4.137742519378662109e-01
7.436217665672302246e-01
6.007516980171203613e-01
7.657034993171691895e-01
5.033402442932128906e-01
6.725208759307861328e-01
6.782940030097961426e-01
4.735692441463470459e-01
6.555688977241516113e-01
8.028563261032104492e-01
7.234841585159301758e-01
6.786082983016967773e-01
1.601709425449371338e-01
3.382256925106048584e-01
6.361094713211059570e-01
5.079896450042724609e-01
6.190510392189025879e-01
6.407373547554016113e-01
6.079977154731750488e-01
6.832988858222961426e-01
6.266728043556213379e-01
5.251116156578063965e-01
7.077181935310363770e-01
4.523332715034484863e-01
4.946621656417846680e-01
4.148344695568084717e-01
6.600446105003356934e-01
5.503526329994201660e-01
5.393228530883789062e-01
5.340956449508666992e-01
4.516272246837615967e-01
2.076839059591293335e-01
7.643840909004211426e-01
5.361336469650268555e-01
4.743277728557586670e-01
6.154209375381469727e-01
7.839831113815307617e-01
6.534762382507324219e-01
7.190691828727722168e-01
6.148247122764587402e-01
5.665579438209533691e-01
4.647561907768249512e-01
5.399147868156433105e-01
7.135135531425476074e-01
3.835025131702423096e-01
7.932522296905517578e-01
6.910514831542968750e-01
6.689151525497436523e-01
5.887795686721801758e-01
6.142456531524658203e-01
5.840594172477722168e-01
1.617725938558578491e-01
6.293541193008422852e-01
4.571885466575622559e-01
6.818962693214416504e-01
5.117309093475341797e-01
5.094750523567199707e-01
6.167168021202087402e-01
5.655005574226379395e-01
7.110172510147094727e-01
5.962368845939636230e-01
5.398651957511901855e-01
6.734653711318969727e-01
4.783672392368316650e-01
3.842343091964721680e-01
4.765503704547882080e-01
2.523092329502105713e-01
6.279584765434265137e-01
2.976787984371185303e-01
5.939747691154479980e-01
5.270193815231323242e-01
7.068021893501281738e-01
6.833985447883605957e-01
5.223861932754516602e-01
5.136550068855285645e-01
5.082533955574035645e-01
6.254845857620239258e-01
6.411268711090087891e-01
4.728594422340393066e-01
5.222322791814804077e-02
4.119472205638885498e-01
6.258921027183532715e-01
5.068811774253845215e-01
6.540532112121582031e-01
5.987448692321777344e-01
1.513080447912216187e-01
6.228718161582946777e-01
8.525219559669494629e-01
6.862906813621520996e-01
6.179177165031433105e-01
7.672759294509887695e-01
5.941217541694641113e-01
6.070238351821899414e-01
6.768925786018371582e-01
1.787701398134231567e-01
4.201749265193939209e-01
4.870110750198364258e-01
5.130863189697265625e-01
5.841273069381713867e-01
1.608730405569076538e-01
5.989268422126770020e-01
6.003698706626892090e-01
5.213662385940551758e-01
6.243726015090942383e-01
5.631644725799560547e-01
4.770731329917907715e-01
4.500597119331359863e-01
6.371176838874816895e-01
3.675086796283721924e-01
5.564559698104858398e-01
5.079199075698852539e-01
5.831775665283203125e-01
4.584896862506866455e-01
4.479838907718658447e-01
6.348625421524047852e-01
6.442625522613525391e-01
6.214565038681030273e-01
6.670392155647277832e-01
5.817489624023437500e-01
5.494471788406372070e-01
6.189067959785461426e-01
5.813428759574890137e-01
6.220738291740417480e-01
6.777729392051696777e-01
5.901738405227661133e-01
3.439507782459259033e-01
1.137975454330444336e-01
6.175634264945983887e-01
6.123368144035339355e-01
5.464270114898681641e-01
5.104874968528747559e-01
6.968783140182495117e-01
4.755878448486328125e-01
5.602987408638000488e-01
3.553416132926940918e-01
7.252311706542968750e-01
6.114828586578369141e-01
6.230078935623168945e-01
4.599316418170928955e-01
5.869370102882385254e-01
6.374385952949523926e-01
6.302233338356018066e-01
5.877255201339721680e-01
6.343032121658325195e-01
6.424424648284912109e-01
6.798780560493469238e-01
4.199543297290802002e-01
4.834231436252593994e-01
4.748600721359252930e-01
7.926343679428100586e-01
7.943286299705505371e-01
5.877386927604675293e-01
5.153564810752868652e-01
5.896666646003723145e-01
2.663318812847137451e-01
5.053428411483764648e-01
6.179975867271423340e-01
6.290287375450134277e-01
4.975847601890563965e-01
5.495828390121459961e-01
5.186774134635925293e-01
6.059311628341674805e-01
4.624367654323577881e-01
6.591196656227111816e-01
4.730207026004791260e-01
8.988335728645324707e-01
6.418839693069458008e-01
6.568041443824768066e-01
5.510729551315307617e-01
2.745345830917358398e-01
5.667949914932250977e-01
6.177964210510253906e-01
6.305760741233825684e-01
5.983112454414367676e-01
8.092095851898193359e-01
6.238529682159423828e-01
2.333247363567352295e-01
5.880357623100280762e-01
6.334732770919799805e-01
5.903759002685546875e-01
6.085306406021118164e-01
8.370394706726074219e-01
6.502462029457092285e-01
5.416314601898193359e-01
5.573307871818542480e-01
5.355706810951232910e-01
5.914583206176757812e-01
4.826045632362365723e-01
6.722966432571411133e-01
7.171453833580017090e-01
6.180213093757629395e-01
4.624422788619995117e-01
6.940456628799438477e-01
6.946384310722351074e-01
3.911024630069732666e-01
6.430606842041015625e-01
1.720526665449142456e-01
5.901493430137634277e-01
5.902416110038757324e-01
5.612815618515014648e-01
6.184401512145996094e-01
3.005179464817047119e-01
6.406842470169067383e-01
5.736639499664306641e-01
6.821566820144653320e-01
4.584767818450927734e-01
5.270115733146667480e-01
6.463122963905334473e-01
7.135235667228698730e-01
5.037766098976135254e-01
4.763704538345336914e-01
1.085593253374099731e-01
5.078418850898742676e-01
6.121350526809692383e-01
6.174163222312927246e-01
5.521908402442932129e-01
6.584657430648803711e-01
6.483713388442993164e-01
6.681537628173828125e-01
6.128866076469421387e-01
6.413093805313110352e-01
3.385412395000457764e-01
7.147166132926940918e-01
5.934845209121704102e-01
7.660920619964599609e-01
5.004730820655822754e-01
7.024344801902770996e-01
6.674536466598510742e-01
6.296125054359436035e-01
7.084816098213195801e-01
3.020960092544555664e-01
4.695824980735778809e-01
6.121312379837036133e-01
5.965445041656494141e-01
7.588362097740173340e-01
5.810428261756896973e-01
6.537739038467407227e-01
6.251279711723327637e-01
6.560583114624023438e-01
7.726799845695495605e-01
5.905096530914306641e-01
7.652776241302490234e-01
6.926069259643554688e-01
5.257762074470520020e-01
7.159106135368347168e-01
6.264045834541320801e-01
5.554968714714050293e-01
5.208031535148620605e-01
4.094649553298950195e-01
4.492761790752410889e-01
5.582501292228698730e-01
4.978941380977630615e-01
7.804808020591735840e-01
6.794666647911071777e-01
6.359561085700988770e-01
8.045980930328369141e-01
6.048375368118286133e-01
4.692572057247161865e-01
6.774525046348571777e-01
3.994396626949310303e-01
1.207676157355308533e-01
4.945979714393615723e-01
6.807370781898498535e-01
7.287367582321166992e-01
6.605987548828125000e-01
5.526128411293029785e-01
5.953049063682556152e-01
2.631642818450927734e-01
3.594844937324523926e-01
8.076387643814086914e-01
4.383839368820190430e-01
5.989613533020019531e-01
5.213602185249328613e-01
5.273970365524291992e-01
5.836358666419982910e-01
6.371354460716247559e-01
5.170146822929382324e-01
5.073777437210083008e-01
7.477563023567199707e-01
6.790557503700256348e-01
4.256035685539245605e-01
5.878049731254577637e-01
5.908781290054321289e-01
5.135378837585449219e-01
6.097589731216430664e-01
5.361817479133605957e-01
3.827450573444366455e-01
4.718662202358245850e-01
6.268005371093750000e-01
6.956976652145385742e-01
5.416799783706665039e-01
5.692228078842163086e-01
5.886052250862121582e-01
6.517351269721984863e-01
5.314942598342895508e-01
6.913799643516540527e-01
5.034304857254028320e-01
7.563400268554687500e-01
5.502570867538452148e-01
6.438403725624084473e-01
1.807170808315277100e-01
1.209914162755012512e-01
6.711629033088684082e-01
4.558893740177154541e-01
6.244702935218811035e-01
5.549010038375854492e-01
5.765222311019897461e-01
5.284040570259094238e-01
5.833020806312561035e-01
5.604585409164428711e-01
5.754500031471252441e-01
6.304206252098083496e-01
4.796195626258850098e-01
6.230639815330505371e-01
5.586140751838684082e-01
2.996676564216613770e-01
4.288753271102905273e-01
5.501893162727355957e-01
5.660134553909301758e-01
4.856072068214416504e-01
6.097840070724487305e-01
4.798671007156372070e-01
6.402875185012817383e-01
6.472976803779602051e-01
5.019901990890502930e-01
4.208395481109619141e-01
7.438535690307617188e-01
4.995134174823760986e-01
5.923383235931396484e-01
5.378920435905456543e-01
2.453264445066452026e-01
1.083645448088645935e-01
6.383807063102722168e-01
6.428452134132385254e-01
4.586524963378906250e-01
2.479961514472961426e-01
4.444095194339752197e-01
5.879399776458740234e-01
3.990719318389892578e-01
5.817835330963134766e-01
6.651683449745178223e-01
6.315956711769104004e-01
7.633807659149169922e-01
6.903268098831176758e-01
2.673175632953643799e-01
5.945984721183776855e-01
4.262025058269500732e-01
4.720983505249023438e-01
6.605003476142883301e-01
7.295497655868530273e-01
6.367985010147094727e-01
7.010920643806457520e-01
5.040730237960815430e-01
6.239929795265197754e-01
6.066823005676269531e-01
6.077595949172973633e-01
2.324210554361343384e-01
4.880661964416503906e-01
6.725426316261291504e-01
4.532679021358489990e-01
6.211383938789367676e-01
6.722398400306701660e-01
3.125378191471099854e-01
5.975100994110107422e-01
5.779021978378295898e-01
6.100614070892333984e-01
6.364243626594543457e-01
6.221300959587097168e-01
6.656590104103088379e-01
6.077857017517089844e-01
4.119905829429626465e-01
3.907850384712219238e-01
3.129783570766448975e-01
8.124083280563354492e-01
5.030871033668518066e-01
5.881949067115783691e-01
6.615393161773681641e-01
4.855984151363372803e-01
6.247686147689819336e-01
4.469337165355682373e-01
6.187335848808288574e-01
3.830018937587738037e-01
7.372356653213500977e-01
7.736915349960327148e-01
5.681987404823303223e-01
6.117213964462280273e-01
3.316292762756347656e-01
6.087570190429687500e-01
4.650548100471496582e-01
1.154705807566642761e-01
5.301819443702697754e-01
2.378233522176742554e-01
4.522810876369476318e-01
1.920280307531356812e-01
6.294563412666320801e-01
6.087642312049865723e-01
4.510222077369689941e-01
5.971624255180358887e-01
6.253968477249145508e-01
5.131878852844238281e-01
3.839159905910491943e-01
6.165059804916381836e-01
5.110533833503723145e-01
5.118305683135986328e-01
6.299012899398803711e-01
5.617713928222656250e-01
2.598793506622314453e-01
6.036328077316284180e-01
6.881387233734130859e-01
6.123834848403930664e-01
6.925844550132751465e-01
6.267616748809814453e-01
3.688789308071136475e-01
6.792920231819152832e-01
6.403363347053527832e-01
1.580731868743896484e-01
8.307499289512634277e-01
1.929312646389007568e-01
2.182851880788803101e-01
6.300967335700988770e-01
2.746103107929229736e-01
5.071300864219665527e-01
2.521375119686126709e-01
6.165046095848083496e-01
6.483762860298156738e-01
5.580316781997680664e-01
1.699665933847427368e-01
5.417883992195129395e-01
5.865709781646728516e-01
1.848698258399963379e-01
5.961108803749084473e-01
8.426398038864135742e-01
7.270033359527587891e-01
6.186789870262145996e-01
4.976447224617004395e-01
6.150630116462707520e-01
9.035031199455261230e-01
5.541538000106811523e-01
4.658938050270080566e-01
5.437780022621154785e-01
2.701573073863983154e-01
3.469412773847579956e-02
6.085380315780639648e-01
6.042388677597045898e-01
1.311241835355758667e-01
6.186437606811523438e-01
6.430829167366027832e-01
6.464260220527648926e-01
4.294553101062774658e-01
6.539061665534973145e-01
5.734809637069702148e-01
5.858440399169921875e-01
6.169175505638122559e-01
6.130982637405395508e-01
6.616709232330322266e-01
6.298626661300659180e-01
2.899757921695709229e-01
3.080062866210937500e-01
5.405064821243286133e-01
5.206611752510070801e-01
7.148550748825073242e-01
6.307963132858276367e-01
6.125758886337280273e-01
4.541844427585601807e-01
4.446028769016265869e-01
4.012544453144073486e-01
6.299276351928710938e-01
5.769578218460083008e-01
7.051745653152465820e-01
7.379718422889709473e-01
6.049780845642089844e-01
6.007938981056213379e-01
6.312727928161621094e-01
5.156085491180419922e-01
5.689952969551086426e-01
6.890625953674316406e-01
4.784148335456848145e-01
4.550907909870147705e-01
8.328137397766113281e-01
5.844359397888183594e-01
6.558836102485656738e-01
1.167186722159385681e-01
3.485002815723419189e-01
6.051275134086608887e-01
7.710861563682556152e-01
5.900141596794128418e-01
7.312434315681457520e-01
6.618344783782958984e-01
5.527775883674621582e-01
4.438636600971221924e-01
5.866605043411254883e-01
8.626465797424316406e-01
5.945543646812438965e-01
5.962933897972106934e-01
5.227219462394714355e-01
5.865124464035034180e-01
4.940460920333862305e-01
5.518887639045715332e-01
2.624957859516143799e-01
6.763922572135925293e-01
4.773077368736267090e-01
4.723899960517883301e-01
4.228003621101379395e-01
7.205868959426879883e-01
6.324126124382019043e-01
7.110043764114379883e-01
6.280165314674377441e-01
4.952777922153472900e-01
5.617477893829345703e-01
4.315532445907592773e-01
3.787695765495300293e-01
6.330872774124145508e-01
6.743271350860595703e-01
6.371242403984069824e-01
6.497578620910644531e-01
4.188820719718933105e-01
5.339170694351196289e-01
5.507205128669738770e-01
5.126317143440246582e-01
3.371974229812622070e-01
6.862095594406127930e-01
7.000861763954162598e-01
5.003196597099304199e-01
6.093838810920715332e-01
4.172934591770172119e-01
7.393558025360107422e-01
6.806606054306030273e-01
6.762863993644714355e-01
5.711901187896728516e-01
2.595263123512268066e-01
5.083789825439453125e-01
6.211192011833190918e-01
2.878699600696563721e-01
6.776905655860900879e-01
4.578295350074768066e-01
6.329856514930725098e-01
6.067883372306823730e-01
6.270949244499206543e-01
3.587758243083953857e-01
4.906683862209320068e-01
5.716186165809631348e-01
5.568329691886901855e-01
6.343655586242675781e-01
6.230032444000244141e-01
4.777772128582000732e-01
5.738282203674316406e-01
5.171058773994445801e-01
5.639358162879943848e-01
6.103184819221496582e-01
2.701610922813415527e-01
5.249925851821899414e-01
6.131612062454223633e-01
5.089524388313293457e-01
5.836639404296875000e-01
5.890422463417053223e-01
7.149177789688110352e-01
4.209096133708953857e-01
4.783171117305755615e-01
6.326041817665100098e-01
4.907674789428710938e-01
4.290118217468261719e-01
5.385408997535705566e-01
7.128119468688964844e-01
6.515939235687255859e-01
6.291664838790893555e-01
5.902304053306579590e-01
6.305471062660217285e-01
1.748200953006744385e-01
8.099840879440307617e-01
7.565165758132934570e-01
6.066908240318298340e-01
7.859326601028442383e-01
5.932150483131408691e-01
6.251873970031738281e-01
6.326950192451477051e-01
6.784893870353698730e-01
6.412260532379150391e-01
5.956107378005981445e-01
5.341272950172424316e-01
5.413206815719604492e-01
6.610396504402160645e-01
6.156002283096313477e-01
6.828604340553283691e-01
7.569672465324401855e-01
2.914973199367523193e-01
7.226962447166442871e-01
5.950750708580017090e-01
5.790054798126220703e-01
6.465445160865783691e-01
5.014191269874572754e-01
5.590889453887939453e-01
4.915747642517089844e-01
5.540332198143005371e-01
5.087690949440002441e-01
3.937325477600097656e-01
4.783590137958526611e-01
4.194388091564178467e-01
5.184416770935058594e-01
5.350973606109619141e-01
1.959906518459320068e-01
5.770668983459472656e-01
6.639447808265686035e-01
1.244777441024780273e-01
6.481158733367919922e-01
7.008315920829772949e-01
6.174435019493103027e-01
5.323530435562133789e-01
4.835485219955444336e-01
6.084027290344238281e-01
5.636380314826965332e-01
7.556687593460083008e-01
4.950166344642639160e-01
2.339720129966735840e-01
4.878308475017547607e-01
6.626996397972106934e-01
5.803220272064208984e-01
6.357249617576599121e-01
5.768481492996215820e-01
6.490703821182250977e-01
5.955933928489685059e-01
5.772531628608703613e-01
7.870233654975891113e-01
8.703207373619079590e-01
7.036634087562561035e-01
5.211040377616882324e-01
5.865092277526855469e-01
6.523481011390686035e-01
4.830026030540466309e-01
5.579542517662048340e-01
6.051118373870849609e-01
2.623172998428344727e-01
6.551882028579711914e-01
5.731304883956909180e-01
6.308732628822326660e-01
6.141026020050048828e-01
7.384156584739685059e-01
3.260033726692199707e-01
5.448024868965148926e-01
2.098100781440734863e-01
6.758107542991638184e-01
6.705479025840759277e-01
7.200536727905273438e-01
6.136710196733474731e-02
5.274002552032470703e-01
4.223864376544952393e-01
5.100737810134887695e-01
4.898090660572052002e-01
5.608133673667907715e-01
5.174673795700073242e-01
9.316187500953674316e-01
4.435510635375976562e-01
5.740529298782348633e-01
4.270924031734466553e-01
6.848185062408447266e-01
5.507051348686218262e-01
3.505876064300537109e-01
3.077976405620574951e-01
6.276184916496276855e-01
4.492514431476593018e-01
6.019703745841979980e-01
6.138743758201599121e-01
6.904540061950683594e-01
8.130350708961486816e-01
5.447173118591308594e-01
4.836280047893524170e-01
6.370386481285095215e-01
6.736301183700561523e-01
4.349128007888793945e-01
6.833418011665344238e-01
4.858789443969726562e-01
4.884537160396575928e-01
6.348296999931335449e-01
5.268957614898681641e-01
1.567807048559188843e-01
5.881501436233520508e-01
5.802472829818725586e-01
6.227560639381408691e-01
5.911341309547424316e-01
8.225088119506835938e-01
6.616021990776062012e-01
5.547874569892883301e-01
5.791608691215515137e-01
4.195681512355804443e-01
5.001161694526672363e-01
5.757035613059997559e-01
5.839960575103759766e-01
6.071677803993225098e-01
2.457687109708786011e-01
3.886519670486450195e-01
5.814347863197326660e-01
5.946496129035949707e-01
1.942182183265686035e-01
5.319379568099975586e-01
1.429989635944366455e-01
5.170937776565551758e-01
6.750647425651550293e-01
5.150261521339416504e-01
5.449631810188293457e-01
5.678405761718750000e-01
6.635059714317321777e-01
3.627004325389862061e-01
6.534658074378967285e-01
5.913988947868347168e-01
5.404909849166870117e-01
6.939315795898437500e-01
8.071088194847106934e-01
4.720570445060729980e-01
6.222749948501586914e-01
6.013475060462951660e-01
7.462480068206787109e-01
6.286322474479675293e-01
4.416035413742065430e-01
6.330780386924743652e-01
5.862691402435302734e-01
4.851149320602416992e-01
6.149731874465942383e-01
6.272506713867187500e-01
6.235858201980590820e-01
1.836784332990646362e-01
5.934728384017944336e-01
5.698882341384887695e-01
4.504301846027374268e-01
6.309771537780761719e-01
8.060672283172607422e-01
6.750427186489105225e-02
6.161435246467590332e-01
6.248548030853271484e-01
5.851907730102539062e-01
6.508708000183105469e-01
5.908201932907104492e-01
4.341525733470916748e-01
5.421700477600097656e-01
3.657487034797668457e-01
4.856376349925994873e-01
5.465576052665710449e-01
6.362406015396118164e-01
8.103988170623779297e-01
7.210986018180847168e-01
6.120023131370544434e-01
5.659270286560058594e-01
4.544412791728973389e-01
5.571702718734741211e-01
6.114421486854553223e-01
5.007714033126831055e-01
5.876970887184143066e-01
4.677342176437377930e-01
5.095931887626647949e-01
6.147835850715637207e-01
4.201758801937103271e-01
6.188325285911560059e-01
5.511742830276489258e-01
6.027047038078308105e-01
7.099010348320007324e-01
1.948207616806030273e-01
6.593117713928222656e-01
6.367112994194030762e-01
4.537105560302734375e-01
4.849790930747985840e-01
7.235716581344604492e-01
5.966460108757019043e-01
5.263097286224365234e-01
5.304154157638549805e-01
6.005666255950927734e-01
5.521133542060852051e-01
2.996032536029815674e-01
6.076396703720092773e-01
4.686695933341979980e-01
5.296010375022888184e-01
6.141483187675476074e-01
6.456628441810607910e-01
5.373431444168090820e-01
7.721138596534729004e-01
4.459762275218963623e-01
5.842860937118530273e-01
7.677574157714843750e-01
3.876252472400665283e-01
4.461396038532257080e-01
