6.401245594024658203e-01
6.369194984436035156e-01
6.362795829772949219e-01
6.351855993270874023e-01
6.349402070045471191e-01
6.271823048591613770e-01
5.959058403968811035e-01
6.414739489555358887e-01
6.379358172416687012e-01
6.350657939910888672e-01
6.399387121200561523e-01
6.355563402175903320e-01
6.365541815757751465e-01
6.366602778434753418e-01
6.355631947517395020e-01
6.350387334823608398e-01
6.251587867736816406e-01
6.349378228187561035e-01
6.350288987159729004e-01
6.364306807518005371e-01
6.347324252128601074e-01
6.377387642860412598e-01
6.352628469467163086e-01
6.417655944824218750e-01
6.360929608345031738e-01
6.383337378501892090e-01
6.345094442367553711e-01
6.358932852745056152e-01
6.359503269195556641e-01
6.362378001213073730e-01
6.342431306838989258e-01
6.435955762863159180e-01
6.336758136749267578e-01
6.370825767517089844e-01
6.361246705055236816e-01
6.346867680549621582e-01
6.385884284973144531e-01
6.349979639053344727e-01
6.382513046264648438e-01
6.374219655990600586e-01
6.377821564674377441e-01
6.354303956031799316e-01
6.410101652145385742e-01
6.351804733276367188e-01
6.360334753990173340e-01
6.370660662651062012e-01
6.345853805541992188e-01
6.381676793098449707e-01
6.360032558441162109e-01
6.017014980316162109e-01
6.355082988739013672e-01
6.428788900375366211e-01
6.339312791824340820e-01
6.365112066268920898e-01
6.362951397895812988e-01
6.368795037269592285e-01
6.068657636642456055e-01
6.393644213676452637e-01
6.347724795341491699e-01
6.365736126899719238e-01
6.026641726493835449e-01
6.347966790199279785e-01
5.934902429580688477e-01
6.360552310943603516e-01
6.372799873352050781e-01
6.350104808807373047e-01
6.366550922393798828e-01
6.367201209068298340e-01
6.356139779090881348e-01
6.350990533828735352e-01
6.376971006393432617e-01
6.346591711044311523e-01
6.359657049179077148e-01
6.360258460044860840e-01
6.340015530586242676e-01
6.000834703445434570e-01
6.400949358940124512e-01
6.355422735214233398e-01
6.367011666297912598e-01
6.350295543670654297e-01
6.347497701644897461e-01
6.349846124649047852e-01
5.985513329505920410e-01
6.375340819358825684e-01
6.406307816505432129e-01
6.385844349861145020e-01
6.355873942375183105e-01
6.341868638992309570e-01
6.334432959556579590e-01
6.363070011138916016e-01
6.346366405487060547e-01
6.389138698577880859e-01
6.345376372337341309e-01
6.372108459472656250e-01
6.386265754699707031e-01
6.358085870742797852e-01
6.345353126525878906e-01
6.498111486434936523e-01
6.343853473663330078e-01
6.351855397224426270e-01
6.396921277046203613e-01
6.296485662460327148e-01
5.965424180030822754e-01
6.284492015838623047e-01
6.343219876289367676e-01
6.359127163887023926e-01
6.344476342201232910e-01
6.357178092002868652e-01
6.332212090492248535e-01
6.365112066268920898e-01
6.628506183624267578e-01
6.358985304832458496e-01
6.351078748703002930e-01
6.340276598930358887e-01
6.410143971443176270e-01
6.362786293029785156e-01
6.362561583518981934e-01
6.341192126274108887e-01
6.380959153175354004e-01
6.342408657073974609e-01
6.341782212257385254e-01
6.365925073623657227e-01
6.366403698921203613e-01
6.348363161087036133e-01
6.272045969963073730e-01
6.365119218826293945e-01
6.349507570266723633e-01
6.368473172187805176e-01
6.374968886375427246e-01
6.361060738563537598e-01
6.355715990066528320e-01
6.350883841514587402e-01
6.375612616539001465e-01
6.353633403778076172e-01
6.355548501014709473e-01
6.374979019165039062e-01
6.354846954345703125e-01
6.365089416503906250e-01
6.074300408363342285e-01
6.358121037483215332e-01
6.357407569885253906e-01
6.370859742164611816e-01
6.340279579162597656e-01
6.362839937210083008e-01
6.346340179443359375e-01
5.946847796440124512e-01
6.345984935760498047e-01
6.363425850868225098e-01
6.360563635826110840e-01
6.353441476821899414e-01
6.371844410896301270e-01
6.355578899383544922e-01
6.354004144668579102e-01
6.357353925704956055e-01
6.352867484092712402e-01
6.351200938224792480e-01
6.363327503204345703e-01
6.347434520721435547e-01
6.345478892326354980e-01
6.343973278999328613e-01
6.349384784698486328e-01
6.373877525329589844e-01
6.382091641426086426e-01
6.339040398597717285e-01
6.356344819068908691e-01
6.336603164672851562e-01
6.376657485961914062e-01
6.356398463249206543e-01
6.341663002967834473e-01
6.357644796371459961e-01
6.344712972640991211e-01
6.259102225303649902e-01
6.369806528091430664e-01
6.364503502845764160e-01
6.341462731361389160e-01
6.363327503204345703e-01
6.068813800811767578e-01
6.344629526138305664e-01
6.388774514198303223e-01
6.124604940414428711e-01
6.344668865203857422e-01
6.373025178909301758e-01
6.312493085861206055e-01
6.350010633468627930e-01
6.348282098770141602e-01
6.359977722167968750e-01
6.341019868850708008e-01
6.347792148590087891e-01
5.865120887756347656e-01
6.362378001213073730e-01
6.348950266838073730e-01
6.254026889801025391e-01
6.345168352127075195e-01
6.361684203147888184e-01
6.381555199623107910e-01
6.403051018714904785e-01
6.359800696372985840e-01
6.350969076156616211e-01
6.344844698905944824e-01
6.350316405296325684e-01
