5.750989317893981934e-01
5.734678506851196289e-01
5.734314918518066406e-01
5.742728710174560547e-01
5.722925066947937012e-01
5.713903903961181641e-01
5.725173950195312500e-01
5.943773388862609863e-01
5.729300379753112793e-01
5.730558037757873535e-01
5.724257230758666992e-01
5.719551444053649902e-01
5.726780295372009277e-01
5.719401240348815918e-01
5.746884346008300781e-01
5.745864510536193848e-01
5.750077962875366211e-01
5.759817957878112793e-01
5.726341605186462402e-01
5.782355666160583496e-01
5.718374848365783691e-01
5.722808837890625000e-01
5.726320743560791016e-01
5.761587023735046387e-01
5.931866168975830078e-01
5.724018216133117676e-01
5.734224915504455566e-01
5.740021467208862305e-01
5.720567107200622559e-01
5.720294117927551270e-01
5.734311342239379883e-01
5.719662308692932129e-01
5.720490217208862305e-01
5.716773271560668945e-01
5.722959041595458984e-01
5.724001526832580566e-01
5.729254484176635742e-01
5.721937417984008789e-01
5.728338956832885742e-01
5.734279155731201172e-01
5.766300559043884277e-01
5.723950862884521484e-01
5.715425610542297363e-01
5.745368599891662598e-01
5.731724500656127930e-01
5.725448727607727051e-01
5.748206973075866699e-01
5.725448727607727051e-01
5.724458098411560059e-01
5.715680718421936035e-01
5.721127390861511230e-01
5.739911794662475586e-01
5.718736648559570312e-01
5.720828771591186523e-01
5.784029960632324219e-01
5.720814466476440430e-01
5.764616131782531738e-01
5.716714859008789062e-01
5.784857273101806641e-01
5.766843557357788086e-01
5.743251442909240723e-01
5.833288431167602539e-01
5.840997695922851562e-01
5.739174485206604004e-01
5.745880603790283203e-01
5.714095830917358398e-01
5.723142027854919434e-01
5.713045597076416016e-01
5.736792087554931641e-01
5.722040534019470215e-01
5.720325708389282227e-01
5.721925497055053711e-01
5.733599066734313965e-01
5.712152719497680664e-01
5.747690796852111816e-01
5.748243331909179688e-01
5.745655894279479980e-01
5.759534835815429688e-01
5.737411975860595703e-01
5.836627483367919922e-01
5.719209313392639160e-01
5.736102461814880371e-01
5.735256671905517578e-01
5.721435546875000000e-01
5.761737227439880371e-01
5.737603306770324707e-01
5.747264027595520020e-01
5.718430876731872559e-01
5.726714134216308594e-01
5.827094912528991699e-01
5.759566426277160645e-01
5.724027752876281738e-01
5.732233524322509766e-01
6.124303936958312988e-01
5.721517801284790039e-01
5.750538706779479980e-01
5.773553252220153809e-01
5.732040405273437500e-01
5.734050869941711426e-01
5.737498402595520020e-01
5.916565060615539551e-01
5.733017921447753906e-01
5.743802785873413086e-01
5.734782218933105469e-01
5.751302838325500488e-01
5.779226422309875488e-01
5.715612769126892090e-01
5.735765099525451660e-01
5.729537606239318848e-01
5.864739418029785156e-01
5.734148621559143066e-01
5.717511773109436035e-01
5.729880928993225098e-01
5.733017921447753906e-01
5.731037259101867676e-01
5.731615424156188965e-01
5.979444384574890137e-01
5.747811794281005859e-01
5.766115784645080566e-01
5.794171690940856934e-01
5.789874792098999023e-01
5.724757909774780273e-01
5.723481178283691406e-01
5.805807709693908691e-01
5.726540088653564453e-01
5.732355117797851562e-01
5.768804550170898438e-01
5.778011083602905273e-01
5.937376618385314941e-01
5.764206647872924805e-01
5.727667212486267090e-01
5.718280673027038574e-01
5.776131153106689453e-01
5.722998976707458496e-01
5.721360445022583008e-01
5.747729539871215820e-01
5.719919204711914062e-01
5.715220570564270020e-01
5.804910063743591309e-01
5.726166367530822754e-01
5.751716494560241699e-01
5.753649473190307617e-01
5.746102929115295410e-01
5.718625187873840332e-01
5.732712149620056152e-01
5.738810896873474121e-01
5.804664492607116699e-01
5.728245973587036133e-01
5.718265771865844727e-01
5.765346288681030273e-01
5.729378461837768555e-01
5.778909921646118164e-01
5.724478960037231445e-01
5.771644711494445801e-01
5.752075314521789551e-01
5.740293860435485840e-01
5.724027752876281738e-01
5.724397897720336914e-01
5.746520757675170898e-01
5.732490420341491699e-01
5.796176195144653320e-01
5.788518190383911133e-01
5.720661878585815430e-01
5.730924010276794434e-01
5.717642307281494141e-01
5.730851888656616211e-01
5.730475187301635742e-01
5.738366246223449707e-01
5.720154047012329102e-01
5.732798576354980469e-01
5.772262811660766602e-01
5.985613465309143066e-01
5.730565786361694336e-01
5.724027752876281738e-01
5.722224116325378418e-01
5.723817944526672363e-01
5.765114426612854004e-01
5.720611810684204102e-01
5.804741382598876953e-01
5.736107230186462402e-01
5.755544900894165039e-01
5.721043944358825684e-01
5.731793045997619629e-01
5.719550848007202148e-01
5.725754499435424805e-01
5.760147571563720703e-01
5.732172727584838867e-01
5.747576951980590820e-01
5.728591680526733398e-01
5.727407336235046387e-01
5.727407336235046387e-01
5.752366185188293457e-01
5.802540183067321777e-01
5.747131705284118652e-01
5.721359252929687500e-01
5.757719278335571289e-01
5.741094946861267090e-01
5.726360082626342773e-01
5.778010487556457520e-01
5.746525526046752930e-01
