6.044055223464965820e-01
6.041846871376037598e-01
6.046988964080810547e-01
6.058437228202819824e-01
6.290212869644165039e-01
6.038765311241149902e-01
6.043002009391784668e-01
6.037724018096923828e-01
6.039140224456787109e-01
6.035999655723571777e-01
6.055966615676879883e-01
6.048022508621215820e-01
6.041663289070129395e-01
6.094411015510559082e-01
6.170262694358825684e-01
6.112820506095886230e-01
6.049246788024902344e-01
6.041837334632873535e-01
6.059079170227050781e-01
6.042396426200866699e-01
6.037819981575012207e-01
6.046783328056335449e-01
6.056671738624572754e-01
6.051498055458068848e-01
6.040535569190979004e-01
6.036775112152099609e-01
6.055706739425659180e-01
6.047282814979553223e-01
6.071035861968994141e-01
6.086481809616088867e-01
6.042922139167785645e-01
6.105306744575500488e-01
6.090551018714904785e-01
6.043992042541503906e-01
6.059038043022155762e-01
6.043035387992858887e-01
6.043664813041687012e-01
6.054141521453857422e-01
6.048743724822998047e-01
6.041851639747619629e-01
6.047914624214172363e-01
6.036329865455627441e-01
6.045421957969665527e-01
6.049630641937255859e-01
6.042590737342834473e-01
6.072894334793090820e-01
6.053601503372192383e-01
6.500402092933654785e-01
6.416485905647277832e-01
6.041224002838134766e-01
6.047039031982421875e-01
6.047178506851196289e-01
6.047098636627197266e-01
6.048061847686767578e-01
6.038849353790283203e-01
6.043628454208374023e-01
6.043685674667358398e-01
6.049322485923767090e-01
6.087281107902526855e-01
6.052011251449584961e-01
6.524242162704467773e-01
6.049658060073852539e-01
6.040936708450317383e-01
6.044687628746032715e-01
6.045483946800231934e-01
6.040143370628356934e-01
6.047616600990295410e-01
6.060478687286376953e-01
6.044678688049316406e-01
6.055291295051574707e-01
6.054378747940063477e-01
6.040237545967102051e-01
6.041299700736999512e-01
6.053555011749267578e-01
6.562076210975646973e-01
6.047672629356384277e-01
6.045507788658142090e-01
6.040911674499511719e-01
6.050244569778442383e-01
6.040459275245666504e-01
6.039360761642456055e-01
6.042999625205993652e-01
6.173976063728332520e-01
6.084196567535400391e-01
6.098295450210571289e-01
6.058015227317810059e-01
6.065196394920349121e-01
6.036873459815979004e-01
6.352089643478393555e-01
6.431716680526733398e-01
6.046628355979919434e-01
6.040474772453308105e-01
6.056358218193054199e-01
6.044827103614807129e-01
6.042793989181518555e-01
6.050676703453063965e-01
6.309460997581481934e-01
6.047116518020629883e-01
6.043922901153564453e-01
6.053975820541381836e-01
6.053677797317504883e-01
6.054009795188903809e-01
6.044796109199523926e-01
6.052688956260681152e-01
6.883942484855651855e-01
6.080046892166137695e-01
6.067293286323547363e-01
6.047431826591491699e-01
6.037849187850952148e-01
6.054784655570983887e-01
6.052711606025695801e-01
6.047665476799011230e-01
6.044428944587707520e-01
6.036525964736938477e-01
6.049373745918273926e-01
6.047295928001403809e-01
6.190317273139953613e-01
6.070000529289245605e-01
6.160774827003479004e-01
6.049612164497375488e-01
6.445171833038330078e-01
6.060686707496643066e-01
6.052634716033935547e-01
6.057653427124023438e-01
6.040855646133422852e-01
6.049964427947998047e-01
6.062571406364440918e-01
6.040770411491394043e-01
6.038479804992675781e-01
6.039947867393493652e-01
6.035785079002380371e-01
6.058487892150878906e-01
6.048773527145385742e-01
6.443817019462585449e-01
6.081154942512512207e-01
6.044113636016845703e-01
6.052599549293518066e-01
6.042835116386413574e-01
6.044053435325622559e-01
6.043753027915954590e-01
6.044889688491821289e-01
6.046164631843566895e-01
6.041080355644226074e-01
6.040099859237670898e-01
6.037434935569763184e-01
6.040771007537841797e-01
6.062451601028442383e-01
6.042864918708801270e-01
6.048190593719482422e-01
6.043488979339599609e-01
6.318692564964294434e-01
6.041364073753356934e-01
6.043615341186523438e-01
6.044098138809204102e-01
6.050341129302978516e-01
6.048653721809387207e-01
6.046606898307800293e-01
6.431716680526733398e-01
6.046612262725830078e-01
6.059094667434692383e-01
6.041560173034667969e-01
6.048464775085449219e-01
6.048189997673034668e-01
6.045507192611694336e-01
6.062571406364440918e-01
6.036831140518188477e-01
6.043062806129455566e-01
6.044616103172302246e-01
6.037914752960205078e-01
6.065745949745178223e-01
6.136522889137268066e-01
6.048676967620849609e-01
6.098591089248657227e-01
6.044207811355590820e-01
6.046109199523925781e-01
6.040879487991333008e-01
6.038740873336791992e-01
6.054317951202392578e-01
6.041874885559082031e-01
6.041851639747619629e-01
6.048931479454040527e-01
6.039131283760070801e-01
6.049170494079589844e-01
6.066868901252746582e-01
6.075283288955688477e-01
6.047906279563903809e-01
6.058261394500732422e-01
6.058959364891052246e-01
6.051922440528869629e-01
6.034454703330993652e-01
6.041201949119567871e-01
6.040372848510742188e-01
6.049125790596008301e-01
6.056048274040222168e-01
6.049100756645202637e-01
6.042982339859008789e-01
6.038461327552795410e-01
6.115927100181579590e-01
6.047109365463256836e-01
6.092608571052551270e-01
