4.977789819240570068e-01
4.812587797641754150e-01
4.811268746852874756e-01
4.854293167591094971e-01
4.802449941635131836e-01
4.807631075382232666e-01
4.901545047760009766e-01
4.838335514068603516e-01
5.168039202690124512e-01
4.913983047008514404e-01
4.805182218551635742e-01
5.979087948799133301e-01
4.800578057765960693e-01
4.829384088516235352e-01
4.796446263790130615e-01
4.528575539588928223e-01
4.813170135021209717e-01
4.790754318237304688e-01
4.847611188888549805e-01
4.428952038288116455e-01
4.779881536960601807e-01
6.032254099845886230e-01
5.065197944641113281e-01
4.805964529514312744e-01
4.823150038719177246e-01
4.719882011413574219e-01
4.804693162441253662e-01
4.856423735618591309e-01
4.800574779510498047e-01
4.795631468296051025e-01
4.817158877849578857e-01
4.896014630794525146e-01
4.889270067214965820e-01
4.828520715236663818e-01
4.809585213661193848e-01
5.063245296478271484e-01
4.803844392299652100e-01
5.195233225822448730e-01
4.855976402759552002e-01
4.785903096199035645e-01
4.864850044250488281e-01
5.439051985740661621e-01
4.814860820770263672e-01
4.876836240291595459e-01
5.389512777328491211e-01
4.820843040943145752e-01
4.791612923145294189e-01
4.994966089725494385e-01
5.104543566703796387e-01
5.068201422691345215e-01
4.149788022041320801e-01
4.878570437431335449e-01
4.830065071582794189e-01
4.786488115787506104e-01
4.795755445957183838e-01
4.789724349975585938e-01
4.821289777755737305e-01
4.783626496791839600e-01
4.904923737049102783e-01
4.799184203147888184e-01
3.946328759193420410e-01
4.709502160549163818e-01
4.825715720653533936e-01
4.834350645542144775e-01
4.533697366714477539e-01
4.804739654064178467e-01
4.798147678375244141e-01
4.806573688983917236e-01
4.832750856876373291e-01
4.793115556240081787e-01
4.788332879543304443e-01
4.790742695331573486e-01
4.882660806179046631e-01
4.767494797706604004e-01
4.795394539833068848e-01
4.847635924816131592e-01
5.241689682006835938e-01
4.823779463768005371e-01
4.807462096214294434e-01
4.921518862247467041e-01
4.901879131793975830e-01
4.750046133995056152e-01
5.136833190917968750e-01
4.775589406490325928e-01
4.839325845241546631e-01
4.848440587520599365e-01
5.470047593116760254e-01
4.641604423522949219e-01
4.891840517520904541e-01
4.723127782344818115e-01
4.807915389537811279e-01
3.927255868911743164e-01
4.827060699462890625e-01
4.798924028873443604e-01
4.782478809356689453e-01
4.803338944911956787e-01
4.836112260818481445e-01
4.805386662483215332e-01
4.805959165096282959e-01
4.900673627853393555e-01
5.445062518119812012e-01
4.804693162441253662e-01
5.092141628265380859e-01
4.983565509319305420e-01
4.826210439205169678e-01
4.799473881721496582e-01
4.827342033386230469e-01
4.781415164470672607e-01
4.793049693107604980e-01
4.819130599498748779e-01
4.807698428630828857e-01
4.688035547733306885e-01
4.849245250225067139e-01
4.795642197132110596e-01
4.894110858440399170e-01
4.876757264137268066e-01
4.883454740047454834e-01
5.749987363815307617e-01
4.459191262722015381e-01
4.998517632484436035e-01
4.812767803668975830e-01
4.967805743217468262e-01
5.095123648643493652e-01
4.867694079875946045e-01
4.805587530136108398e-01
4.948318004608154297e-01
4.933842122554779053e-01
4.908982813358306885e-01
4.459191262722015381e-01
4.870953559875488281e-01
4.800761342048645020e-01
5.627132654190063477e-01
4.978873133659362793e-01
5.006725192070007324e-01
4.660696089267730713e-01
5.069993734359741211e-01
4.857321977615356445e-01
4.887136816978454590e-01
4.902012050151824951e-01
5.483462214469909668e-01
4.916055202484130859e-01
4.834328293800354004e-01
4.735799133777618408e-01
4.814078509807586670e-01
4.986262023448944092e-01
4.877315759658813477e-01
4.741682708263397217e-01
3.942197859287261963e-01
4.911280870437622070e-01
4.813427031040191650e-01
4.884533882141113281e-01
5.008936524391174316e-01
4.791913032531738281e-01
4.830097854137420654e-01
4.442234635353088379e-01
4.800587892532348633e-01
4.999213516712188721e-01
4.840898215770721436e-01
4.182738065719604492e-01
4.822426140308380127e-01
4.994980692863464355e-01
4.895686209201812744e-01
5.032374858856201172e-01
4.783002138137817383e-01
4.796941876411437988e-01
5.512835383415222168e-01
4.765072464942932129e-01
4.790132641792297363e-01
5.021913051605224609e-01
4.822323024272918701e-01
4.828777313232421875e-01
4.799059629440307617e-01
4.846783578395843506e-01
4.936939775943756104e-01
4.826271235942840576e-01
4.685670137405395508e-01
4.870711565017700195e-01
4.821305871009826660e-01
4.813830554485321045e-01
5.104115009307861328e-01
4.808326363563537598e-01
4.785543382167816162e-01
4.804268777370452881e-01
3.979162871837615967e-01
4.817746579647064209e-01
4.780293107032775879e-01
4.790396392345428467e-01
4.880365431308746338e-01
4.808689057826995850e-01
6.406477689743041992e-01
4.778101742267608643e-01
4.790999591350555420e-01
4.679851233959197998e-01
4.861600697040557861e-01
4.823147952556610107e-01
4.384266734123229980e-01
4.860114455223083496e-01
4.805241525173187256e-01
4.841614961624145508e-01
4.794800877571105957e-01
