6.196178197860717773e-01
6.159145236015319824e-01
6.461772322654724121e-01
6.167046427726745605e-01
6.161159276962280273e-01
6.251739263534545898e-01
6.160415410995483398e-01
6.164177656173706055e-01
6.169467568397521973e-01
6.335833072662353516e-01
6.161974668502807617e-01
6.160811781883239746e-01
6.162208914756774902e-01
6.168367266654968262e-01
6.186313033103942871e-01
6.160151958465576172e-01
6.163049340248107910e-01
6.166014671325683594e-01
6.164197921752929688e-01
6.198171973228454590e-01
6.158468127250671387e-01
6.359780430793762207e-01
6.159726381301879883e-01
6.159950494766235352e-01
6.157783865928649902e-01
6.223090887069702148e-01
6.173155307769775391e-01
6.161901354789733887e-01
6.160163879394531250e-01
6.174998283386230469e-01
6.161672472953796387e-01
6.158191561698913574e-01
6.169095635414123535e-01
6.182374358177185059e-01
6.161064505577087402e-01
6.162254810333251953e-01
6.195318102836608887e-01
6.160314679145812988e-01
6.183373332023620605e-01
6.177001595497131348e-01
6.172042489051818848e-01
6.162104010581970215e-01
6.205670833587646484e-01
6.173008084297180176e-01
6.167219281196594238e-01
6.169399023056030273e-01
6.159650683403015137e-01
6.159199476242065430e-01
6.183931231498718262e-01
6.162105202674865723e-01
6.181627511978149414e-01
6.168738007545471191e-01
6.171127557754516602e-01
6.168740391731262207e-01
6.176285743713378906e-01
6.160433292388916016e-01
6.174992322921752930e-01
6.184692978858947754e-01
6.160030961036682129e-01
6.159700751304626465e-01
6.168363690376281738e-01
6.158275008201599121e-01
6.466379165649414062e-01
6.202731728553771973e-01
6.186069846153259277e-01
6.232679486274719238e-01
6.483232975006103516e-01
6.202347874641418457e-01
6.210588216781616211e-01
6.174225807189941406e-01
6.196296215057373047e-01
6.162410378456115723e-01
6.161901354789733887e-01
6.167405247688293457e-01
6.163456439971923828e-01
6.561043858528137207e-01
6.161995530128479004e-01
6.169852018356323242e-01
6.177124977111816406e-01
6.170359849929809570e-01
6.173671483993530273e-01
6.161886453628540039e-01
6.590986847877502441e-01
6.192079186439514160e-01
6.169905066490173340e-01
6.162586808204650879e-01
6.162753701210021973e-01
6.160217523574829102e-01
6.158873438835144043e-01
6.571336388587951660e-01
6.186236143112182617e-01
6.429789662361145020e-01
6.160696148872375488e-01
6.163572669029235840e-01
6.175161004066467285e-01
6.276865601539611816e-01
6.162441968917846680e-01
6.161979436874389648e-01
6.165682673454284668e-01
6.172099113464355469e-01
6.185782551765441895e-01
6.161557435989379883e-01
6.161693334579467773e-01
6.160451769828796387e-01
6.160598397254943848e-01
6.504527330398559570e-01
6.160054802894592285e-01
6.161769628524780273e-01
6.241587400436401367e-01
6.171416640281677246e-01
6.166138052940368652e-01
6.176315546035766602e-01
6.160302758216857910e-01
6.159807443618774414e-01
6.380088329315185547e-01
6.664581894874572754e-01
6.181092858314514160e-01
6.163653731346130371e-01
6.195868849754333496e-01
6.170479059219360352e-01
6.160199642181396484e-01
6.161890029907226562e-01
6.159709692001342773e-01
6.162941455841064453e-01
6.160185933113098145e-01
6.180072426795959473e-01
6.172354817390441895e-01
6.169637441635131836e-01
6.218113303184509277e-01
6.167410016059875488e-01
6.160064339637756348e-01
6.170821785926818848e-01
6.163344979286193848e-01
6.158833503723144531e-01
6.252351999282836914e-01
6.169306635856628418e-01
6.160407662391662598e-01
6.162389516830444336e-01
6.195405125617980957e-01
6.167696714401245117e-01
6.169611215591430664e-01
6.160292625427246094e-01
6.498120427131652832e-01
6.158339977264404297e-01
6.161991953849792480e-01
6.168183684349060059e-01
6.208823919296264648e-01
6.159973144531250000e-01
6.166462898254394531e-01
6.218788027763366699e-01
6.209567785263061523e-01
6.162562966346740723e-01
6.203137040138244629e-01
6.197494268417358398e-01
6.168932318687438965e-01
6.168729066848754883e-01
6.160264611244201660e-01
6.158927679061889648e-01
6.159635782241821289e-01
6.170414686203002930e-01
6.447814702987670898e-01
6.172428727149963379e-01
6.163780093193054199e-01
6.168436408042907715e-01
6.161729693412780762e-01
6.158284544944763184e-01
6.160628199577331543e-01
6.159086823463439941e-01
6.475385427474975586e-01
6.170789599418640137e-01
6.160142421722412109e-01
6.159372329711914062e-01
6.162188053131103516e-01
6.585517525672912598e-01
6.169467568397521973e-01
6.187056303024291992e-01
6.203751564025878906e-01
6.161324381828308105e-01
6.168510913848876953e-01
6.160664558410644531e-01
6.159046888351440430e-01
6.169701814651489258e-01
6.175090074539184570e-01
6.169263720512390137e-01
6.166689991950988770e-01
6.414807438850402832e-01
6.370404958724975586e-01
6.161729693412780762e-01
6.169672012329101562e-01
6.188721656799316406e-01
6.162148714065551758e-01
6.158109903335571289e-01
6.163494586944580078e-01
6.160029172897338867e-01
6.160017848014831543e-01
6.168716549873352051e-01
6.160182952880859375e-01
6.173131465911865234e-01
6.168051362037658691e-01
6.229848265647888184e-01
