3.948726952075958252e-01
4.009572565555572510e-01
4.203825592994689941e-01
3.718050718307495117e-01
4.159543812274932861e-01
5.241076350212097168e-01
4.040077030658721924e-01
5.937201976776123047e-01
9.918793439865112305e-01
3.780378103256225586e-01
3.702402412891387939e-01
4.370363056659698486e-01
4.285587072372436523e-01
4.656951725482940674e-01
4.706508815288543701e-01
4.155359864234924316e-01
3.768018484115600586e-01
4.468388855457305908e-01
5.922259390354156494e-02
6.657750606536865234e-01
4.139205217361450195e-01
6.818466186523437500e-01
3.820993006229400635e-01
7.739122509956359863e-01
2.557535171508789062e-01
5.427856813184916973e-04
3.948189020156860352e-01
2.351406663656234741e-01
3.784319162368774414e-01
4.717825055122375488e-01
3.748609125614166260e-01
3.944249451160430908e-01
5.019340515136718750e-01
3.757083714008331299e-01
4.251323938369750977e-01
4.402958750724792480e-01
6.062349677085876465e-01
5.248546004295349121e-01
4.123459756374359131e-01
4.504436254501342773e-01
3.780378103256225586e-01
1.021111384034156799e-01
4.087621811777353287e-03
4.158469140529632568e-01
4.314597249031066895e-01
4.145191311836242676e-01
3.940100669860839844e-01
1.007610119473090204e-12
3.813879191875457764e-01
4.267510473728179932e-01
5.537384375929832458e-02
3.944249451160430908e-01
3.784949481487274170e-01
4.173732399940490723e-01
7.889374494552612305e-01
5.433148145675659180e-01
4.395956695079803467e-01
3.679782450199127197e-01
4.055068492889404297e-01
1.252972753718495369e-03
6.929450035095214844e-01
4.111185967922210693e-01
4.608576893806457520e-01
4.333435893058776855e-01
3.953924179077148438e-01
4.403914809226989746e-01
4.207508265972137451e-01
4.178705513477325439e-01
5.801293849945068359e-01
5.005645751953125000e-01
4.641436934471130371e-01
6.354817152023315430e-01
1.992049927790340291e-11
4.252941906452178955e-01
8.002010732889175415e-02
4.166328907012939453e-01
3.814302980899810791e-01
4.126616120338439941e-01
4.442803263664245605e-01
6.140038967132568359e-01
4.139051139354705811e-01
5.696105360984802246e-01
1.617318391799926758e-01
4.187175035476684570e-01
4.114627838134765625e-01
3.958232700824737549e-01
4.113044142723083496e-01
4.299153387546539307e-01
4.231831133365631104e-01
6.703076362609863281e-01
4.059077203273773193e-01
3.585401475429534912e-01
4.202863872051239014e-01
4.109598100185394287e-01
9.548504352569580078e-01
2.558866739273071289e-01
4.178467988967895508e-01
6.573104858398437500e-01
7.333450913429260254e-01
5.352324843406677246e-01
4.093163609504699707e-01
3.830669820308685303e-01
4.370266199111938477e-01
4.020330607891082764e-01
3.273734450340270996e-01
4.236900806427001953e-01
4.078722596168518066e-01
3.210556507110595703e-01
3.638121485710144043e-01
2.821622331339312950e-07
4.553859233856201172e-01
9.635373353958129883e-01
7.432475090026855469e-01
4.151707291603088379e-01
3.618341088294982910e-01
5.813191458582878113e-02
4.133790135383605957e-01
4.138065576553344727e-01
4.134061932563781738e-01
3.734818696975708008e-01
6.525022983551025391e-01
3.767095208168029785e-01
6.665934324264526367e-01
6.360210180282592773e-01
9.904876351356506348e-01
4.136857688426971436e-01
4.202668666839599609e-01
3.007887607964221388e-05
3.848679363727569580e-01
4.109470844268798828e-01
8.139780759811401367e-01
9.999965429306030273e-01
4.550669491291046143e-01
4.301061034202575684e-01
5.754474997520446777e-01
5.150448679924011230e-01
6.553576588630676270e-01
2.695413772016763687e-03
4.070878028869628906e-01
4.564560055732727051e-01
2.975205779075622559e-01
3.932343721389770508e-01
1.219934895634651184e-01
3.775321238208562136e-05
5.365191027522087097e-02
4.949464201927185059e-01
9.635418653488159180e-01
6.409681674313105759e-10
1.299215000472031534e-06
1.039066165685653687e-01
4.152882993221282959e-01
4.182785749435424805e-01
8.984919190406799316e-01
2.219660282135009766e-01
4.430341720581054688e-01
3.891223669052124023e-01
1.260640174150466919e-01
3.750715255737304688e-01
3.666546940803527832e-01
4.189973473548889160e-01
3.748609125614166260e-01
4.151313900947570801e-01
2.160095423460006714e-02
5.187343358993530273e-01
8.904806375503540039e-01
4.159992933273315430e-01
3.901277184486389160e-01
3.483907878398895264e-01
8.881024718284606934e-01
4.368164539337158203e-01
4.110797047615051270e-01
4.420338869094848633e-01
2.950345873832702637e-01
4.195627272129058838e-01
3.745277523994445801e-01
3.876350522041320801e-01
4.355997443199157715e-01
4.178972244262695312e-01
5.257623195648193359e-01
8.626864850521087646e-02
3.932969868183135986e-01
4.453233778476715088e-01
8.850917816162109375e-01
6.462887525558471680e-01
5.934427976608276367e-01
4.170660972595214844e-01
4.175551831722259521e-01
3.512687683105468750e-01
3.397997617721557617e-01
2.625735700130462646e-01
4.152722656726837158e-01
3.906642496585845947e-01
4.219032824039459229e-01
4.049304425716400146e-01
4.171635508537292480e-01
4.201994240283966064e-01
2.868404044420458376e-05
4.427344799041748047e-01
4.150823950767517090e-01
4.114795625209808350e-01
