5.187270045280456543e-01
5.205650329589843750e-01
5.389047265052795410e-01
5.157353281974792480e-01
5.785150527954101562e-01
5.043520331382751465e-01
7.346683144569396973e-01
5.045904517173767090e-01
5.003991723060607910e-01
5.062283277511596680e-01
5.212888717651367188e-01
5.334177613258361816e-01
5.174898505210876465e-01
5.091220736503601074e-01
5.090127587318420410e-01
5.199629664421081543e-01
5.198946595191955566e-01
5.027649998664855957e-01
4.972356259822845459e-01
4.787098765373229980e-01
5.527080297470092773e-01
5.056272149085998535e-01
5.022665262222290039e-01
5.064752697944641113e-01
5.029879808425903320e-01
5.155852437019348145e-01
6.203841567039489746e-01
5.066990852355957031e-01
5.076443552970886230e-01
5.401617884635925293e-01
5.597268939018249512e-01
5.064671635627746582e-01
5.187277793884277344e-01
5.061124563217163086e-01
5.092505812644958496e-01
4.923264980316162109e-01
5.069268345832824707e-01
5.031208395957946777e-01
5.633048415184020996e-01
5.226446986198425293e-01
5.050145387649536133e-01
5.047273039817810059e-01
6.496134996414184570e-01
5.167873501777648926e-01
5.171104073524475098e-01
5.182439088821411133e-01
5.022225379943847656e-01
5.080569982528686523e-01
4.051544666290283203e-01
4.973624944686889648e-01
4.575848579406738281e-01
5.023677945137023926e-01
4.624261260032653809e-01
5.342689156532287598e-01
5.329734683036804199e-01
6.011734008789062500e-01
5.016733407974243164e-01
5.168864727020263672e-01
5.045904517173767090e-01
5.060587525367736816e-01
5.365096330642700195e-01
5.094420909881591797e-01
5.177021622657775879e-01
5.031181573867797852e-01
5.254486799240112305e-01
5.107913017272949219e-01
5.964686870574951172e-01
4.861115217208862305e-01
5.536028146743774414e-01
4.782141149044036865e-01
4.958694279193878174e-01
5.243471264839172363e-01
5.080249905586242676e-01
5.095161199569702148e-01
5.082919597625732422e-01
5.005118846893310547e-01
4.968995451927185059e-01
5.820452570915222168e-01
5.465043187141418457e-01
5.045419335365295410e-01
5.248284935951232910e-01
5.300956368446350098e-01
5.050368905067443848e-01
5.100910663604736328e-01
5.332345962524414062e-01
5.030034184455871582e-01
5.432004332542419434e-01
6.041172742843627930e-01
5.095708966255187988e-01
5.030529499053955078e-01
5.193813443183898926e-01
5.201984643936157227e-01
4.725114703178405762e-01
5.200041532516479492e-01
5.162037014961242676e-01
5.150933861732482910e-01
5.087803006172180176e-01
5.555898547172546387e-01
5.054427385330200195e-01
5.037454366683959961e-01
5.106527209281921387e-01
5.025312304496765137e-01
5.173699855804443359e-01
5.761904716491699219e-01
5.047982335090637207e-01
4.914588928222656250e-01
6.682747006416320801e-01
5.082599520683288574e-01
5.170773267745971680e-01
4.971953630447387695e-01
5.190405249595642090e-01
5.170539617538452148e-01
4.844931364059448242e-01
5.092031955718994141e-01
5.160700082778930664e-01
5.176635980606079102e-01
5.163571834564208984e-01
5.094558000564575195e-01
5.176439285278320312e-01
5.257481336593627930e-01
5.156978964805603027e-01
5.060282349586486816e-01
5.297080278396606445e-01
4.865958094596862793e-01
5.120226740837097168e-01
5.101390480995178223e-01
4.931562542915344238e-01
5.941445827484130859e-01
5.393877029418945312e-01
5.160493850708007812e-01
5.189521908760070801e-01
5.456354022026062012e-01
4.347591996192932129e-01
6.844726204872131348e-01
5.162650346755981445e-01
5.780216455459594727e-01
5.197913050651550293e-01
5.187745094299316406e-01
5.084766745567321777e-01
4.981004893779754639e-01
5.066471695899963379e-01
4.966782033443450928e-01
5.107092857360839844e-01
5.082052946090698242e-01
5.292578935623168945e-01
5.053263902664184570e-01
8.258259296417236328e-01
5.345730185508728027e-01
5.003063678741455078e-01
4.996253848075866699e-01
5.051528811454772949e-01
4.989241063594818115e-01
5.166139006614685059e-01
5.477002859115600586e-01
5.645458698272705078e-01
5.184806585311889648e-01
5.087061524391174316e-01
5.097405314445495605e-01
5.107227563858032227e-01
5.197716951370239258e-01
5.084984302520751953e-01
5.085520148277282715e-01
4.931620061397552490e-01
5.129793286323547363e-01
5.206408500671386719e-01
5.075448155403137207e-01
5.045896768569946289e-01
5.064612030982971191e-01
4.982542693614959717e-01
5.072003602981567383e-01
5.213359594345092773e-01
5.313889980316162109e-01
5.097419619560241699e-01
5.033151507377624512e-01
5.068431496620178223e-01
5.124256610870361328e-01
5.069544315338134766e-01
5.078199505805969238e-01
7.109565734863281250e-01
7.134047746658325195e-01
5.044066309928894043e-01
5.254182815551757812e-01
4.964919388294219971e-01
5.040726661682128906e-01
6.643239855766296387e-01
4.985390305519104004e-01
5.505189299583435059e-01
5.005100369453430176e-01
5.018103718757629395e-01
5.173480510711669922e-01
7.653706669807434082e-01
5.172132849693298340e-01
5.114162564277648926e-01
5.522713065147399902e-01
5.244705080986022949e-01
5.017775297164916992e-01
5.100232362747192383e-01
5.095683336257934570e-01
4.051544666290283203e-01
5.071615576744079590e-01
