4.840103983879089355e-01
5.135391354560852051e-01
5.177155733108520508e-01
4.380849599838256836e-01
4.999310672283172607e-01
5.183604359626770020e-01
7.077104449272155762e-01
4.615419507026672363e-01
5.332474112510681152e-01
5.717045068740844727e-01
5.463836789131164551e-01
5.037367939949035645e-01
5.058253407478332520e-01
4.877155423164367676e-01
5.034065842628479004e-01
5.022893548011779785e-01
5.309723019599914551e-01
5.029578804969787598e-01
4.741464257240295410e-01
7.817445397377014160e-01
5.248519182205200195e-01
5.406624078750610352e-01
7.073245644569396973e-01
4.825631976127624512e-01
5.789411664009094238e-01
5.667777657508850098e-01
5.046976804733276367e-01
6.659360527992248535e-01
6.116482615470886230e-01
4.989954233169555664e-01
4.689384400844573975e-01
5.530003309249877930e-01
6.738954782485961914e-01
5.022233128547668457e-01
4.416857361793518066e-01
5.148291587829589844e-01
4.915348887443542480e-01
5.132973194122314453e-01
5.073513388633728027e-01
5.101168155670166016e-01
5.113110542297363281e-01
5.486876368522644043e-01
5.196511745452880859e-01
5.775358676910400391e-01
4.942397773265838623e-01
5.068461298942565918e-01
4.856377243995666504e-01
5.288475155830383301e-01
4.808708131313323975e-01
5.175084471702575684e-01
4.794251024723052979e-01
4.850267469882965088e-01
5.243745446205139160e-01
7.442899942398071289e-01
4.812826812267303467e-01
4.458402693271636963e-01
5.733007788658142090e-01
4.786098003387451172e-01
5.121485590934753418e-01
5.039157867431640625e-01
5.053628683090209961e-01
5.245684385299682617e-01
4.510655105113983154e-01
5.080112218856811523e-01
5.049716830253601074e-01
5.121617913246154785e-01
4.940948784351348877e-01
5.105491876602172852e-01
5.010340213775634766e-01
4.839202761650085449e-01
4.907986223697662354e-01
5.032487511634826660e-01
7.974249124526977539e-01
5.401844382286071777e-01
4.824228584766387939e-01
4.733947813510894775e-01
6.193273067474365234e-01
4.930489063262939453e-01
4.470281302928924561e-01
4.992503225803375244e-01
4.577597379684448242e-01
4.696441590785980225e-01
5.321867465972900391e-01
5.041456222534179688e-01
5.021124482154846191e-01
4.773138165473937988e-01
4.725966751575469971e-01
5.113110542297363281e-01
5.116997957229614258e-01
4.919267594814300537e-01
5.255008339881896973e-01
5.263074636459350586e-01
4.650800228118896484e-01
4.840103983879089355e-01
5.062078237533569336e-01
5.039339065551757812e-01
4.915348887443542480e-01
5.456171035766601562e-01
4.903445839881896973e-01
4.424383640289306641e-01
5.178677439689636230e-01
5.458737015724182129e-01
5.095734000205993652e-01
4.977203607559204102e-01
4.743166267871856689e-01
5.051115751266479492e-01
5.010340213775634766e-01
5.037537813186645508e-01
4.987269341945648193e-01
4.634082019329071045e-01
5.077474117279052734e-01
4.792921543121337891e-01
5.464418530464172363e-01
5.292508602142333984e-01
4.657790064811706543e-01
5.427812933921813965e-01
4.681376218795776367e-01
5.053613781929016113e-01
6.159950494766235352e-01
5.096130371093750000e-01
5.181114673614501953e-01
4.676017463207244873e-01
5.074309706687927246e-01
4.722110331058502197e-01
5.106686949729919434e-01
5.499759912490844727e-01
4.601791501045227051e-01
5.183055400848388672e-01
4.938856363296508789e-01
4.906497597694396973e-01
4.566489458084106445e-01
5.056428313255310059e-01
5.320751667022705078e-01
5.293338298797607422e-01
4.689878225326538086e-01
4.879561364650726318e-01
8.117156624794006348e-01
5.402459502220153809e-01
4.753621518611907959e-01
4.879491031169891357e-01
4.971892535686492920e-01
5.372664332389831543e-01
5.873284339904785156e-01
6.286299228668212891e-01
4.949773550033569336e-01
5.138562321662902832e-01
4.662506580352783203e-01
4.986472725868225098e-01
5.041037797927856445e-01
5.139693617820739746e-01
5.141621232032775879e-01
4.775258600711822510e-01
5.202084183692932129e-01
4.909602105617523193e-01
5.357226729393005371e-01
5.075997710227966309e-01
4.781141877174377441e-01
4.975309371948242188e-01
4.899459481239318848e-01
5.137105584144592285e-01
4.953220784664154053e-01
4.679854512214660645e-01
4.870111048221588135e-01
5.105693936347961426e-01
4.994367063045501709e-01
5.625186562538146973e-01
4.903592467308044434e-01
4.579045176506042480e-01
5.064107775688171387e-01
4.959406554698944092e-01
4.705919921398162842e-01
4.981791973114013672e-01
4.915737807750701904e-01
4.868148565292358398e-01
5.368875861167907715e-01
5.197731256484985352e-01
4.869408607482910156e-01
5.161476731300354004e-01
5.080112218856811523e-01
5.280221104621887207e-01
5.767164826393127441e-01
4.585831463336944580e-01
4.773090779781341553e-01
5.251564979553222656e-01
5.164032578468322754e-01
5.111234784126281738e-01
4.575164616107940674e-01
4.843459129333496094e-01
5.388193130493164062e-01
4.451606571674346924e-01
4.615067541599273682e-01
4.586544632911682129e-01
4.854331612586975098e-01
4.738196134567260742e-01
4.581783115863800049e-01
4.988000690937042236e-01
5.709980130195617676e-01
4.949227571487426758e-01
4.812310636043548584e-01
5.139021873474121094e-01
