4.597684741020202637e-01
4.450013637542724609e-01
4.602487981319427490e-01
4.606202542781829834e-01
4.608679711818695068e-01
4.574412703514099121e-01
4.602761864662170410e-01
4.610131680965423584e-01
4.580676853656768799e-01
4.610931575298309326e-01
4.589177668094635010e-01
4.605761766433715820e-01
4.588423371315002441e-01
4.612101018428802490e-01
3.915182352066040039e-01
4.571734964847564697e-01
4.614256620407104492e-01
4.593760967254638672e-01
4.612347185611724854e-01
4.608256220817565918e-01
3.883061110973358154e-01
4.596388936042785645e-01
4.592540860176086426e-01
4.587363302707672119e-01
4.594188332557678223e-01
4.594977200031280518e-01
4.610242843627929688e-01
4.632095396518707275e-01
4.617061614990234375e-01
4.605074822902679443e-01
4.599273502826690674e-01
4.608564376831054688e-01
4.601668119430541992e-01
4.571785032749176025e-01
4.447291791439056396e-01
4.537423551082611084e-01
4.590874314308166504e-01
4.605037569999694824e-01
4.560141265392303467e-01
4.571256339550018311e-01
4.554186463356018066e-01
4.592289924621582031e-01
4.579700827598571777e-01
4.596671164035797119e-01
4.033774733543395996e-01
4.589512050151824951e-01
4.602730572223663330e-01
4.604626595973968506e-01
4.594112336635589600e-01
4.628802537918090820e-01
4.610666632652282715e-01
4.579802751541137695e-01
4.619173407554626465e-01
4.577498733997344971e-01
3.946804702281951904e-01
4.597388207912445068e-01
4.578535258769989014e-01
4.634412527084350586e-01
4.611571431159973145e-01
4.516244828701019287e-01
4.607200026512145996e-01
4.599936604499816895e-01
4.608399271965026855e-01
4.561841785907745361e-01
3.915515244007110596e-01
4.597779810428619385e-01
4.559132754802703857e-01
4.554970264434814453e-01
4.573332369327545166e-01
4.581151008605957031e-01
4.597934782505035400e-01
4.595629572868347168e-01
4.605266749858856201e-01
4.585026502609252930e-01
4.632652997970581055e-01
4.594876170158386230e-01
4.569304585456848145e-01
4.577543139457702637e-01
4.581162631511688232e-01
4.561375677585601807e-01
4.609522521495819092e-01
4.602889120578765869e-01
4.580292999744415283e-01
4.607722163200378418e-01
4.278065562248229980e-01
4.643248021602630615e-01
4.601713418960571289e-01
4.591968655586242676e-01
4.618417620658874512e-01
4.601068198680877686e-01
4.604252576828002930e-01
4.582588672637939453e-01
4.534674584865570068e-01
4.595017433166503906e-01
4.553672969341278076e-01
4.613114893436431885e-01
4.577543139457702637e-01
4.533566534519195557e-01
4.602746069431304932e-01
4.587643742561340332e-01
4.498338401317596436e-01
4.588536322116851807e-01
4.019365608692169189e-01
4.592540860176086426e-01
4.580611586570739746e-01
4.590417444705963135e-01
4.605892598628997803e-01
4.638487696647644043e-01
4.657962918281555176e-01
4.592687785625457764e-01
4.587461948394775391e-01
4.593043029308319092e-01
4.581216275691986084e-01
4.565415084362030029e-01
4.585595130920410156e-01
4.604469537734985352e-01
4.601708948612213135e-01
4.577352702617645264e-01
4.606880247592926025e-01
4.537662863731384277e-01
4.599557220935821533e-01
4.593177139759063721e-01
4.588624835014343262e-01
4.608244299888610840e-01
4.565888643264770508e-01
4.602301120758056641e-01
4.453478455543518066e-01
4.584869742393493652e-01
4.601127207279205322e-01
4.592353999614715576e-01
3.996329009532928467e-01
4.188304841518402100e-01
4.597350955009460449e-01
4.598827660083770752e-01
4.595950841903686523e-01
4.605710804462432861e-01
4.503843486309051514e-01
3.916986584663391113e-01
4.602808058261871338e-01
4.620120227336883545e-01
4.588793218135833740e-01
4.602066874504089355e-01
4.583009779453277588e-01
4.520384967327117920e-01
4.594497680664062500e-01
4.613819420337677002e-01
4.605545699596405029e-01
4.582936167716979980e-01
4.588065445423126221e-01
4.635929167270660400e-01
4.605612456798553467e-01
4.609075784683227539e-01
4.589228928089141846e-01
4.577220380306243896e-01
4.595432579517364502e-01
4.607758522033691406e-01
4.608455896377563477e-01
4.585354328155517578e-01
4.574321806430816650e-01
4.605640172958374023e-01
4.578706026077270508e-01
4.517974555492401123e-01
4.584014117717742920e-01
4.642086029052734375e-01
4.607722759246826172e-01
4.589748084545135498e-01
4.605035781860351562e-01
4.610101580619812012e-01
4.601504504680633545e-01
4.605772495269775391e-01
4.586416482925415039e-01
4.599053561687469482e-01
4.610666632652282715e-01
4.602979123592376709e-01
4.604962766170501709e-01
4.577284157276153564e-01
4.469047486782073975e-01
4.590464532375335693e-01
4.597367942333221436e-01
4.610633850097656250e-01
4.620274603366851807e-01
4.607455730438232422e-01
4.607986211776733398e-01
4.608404636383056641e-01
4.609984457492828369e-01
4.587028324604034424e-01
4.546158909797668457e-01
4.603815972805023193e-01
4.592169225215911865e-01
4.597107470035552979e-01
4.588975608348846436e-01
4.574696421623229980e-01
4.572700858116149902e-01
4.611572325229644775e-01
4.601927995681762695e-01
4.579374492168426514e-01
4.592491984367370605e-01
4.602375328540802002e-01
4.616102874279022217e-01
4.593496322631835938e-01
5.572133064270019531e-01
4.998915493488311768e-01
4.863062798976898193e-01
4.918937981128692627e-01
4.953384697437286377e-01
5.273764729499816895e-01
4.797184169292449951e-01
4.858021438121795654e-01
6.088330149650573730e-01
5.075659155845642090e-01
4.861335158348083496e-01
4.981482326984405518e-01
4.925500154495239258e-01
4.962499141693115234e-01
4.913370013236999512e-01
4.964296221733093262e-01
5.256495475769042969e-01
4.859723150730133057e-01
4.845646619796752930e-01
4.979181885719299316e-01
5.168067812919616699e-01
5.190548300743103027e-01
5.511440038681030273e-01
5.040633082389831543e-01
4.809820055961608887e-01
6.791900396347045898e-01
5.036066174507141113e-01
5.147990584373474121e-01
6.880932450294494629e-01
4.968926310539245605e-01
4.999479055404663086e-01
6.804618835449218750e-01
5.321852564811706543e-01
5.122088789939880371e-01
5.154240131378173828e-01
4.922769963741302490e-01
4.989074170589447021e-01
5.044044256210327148e-01
5.794988274574279785e-01
5.059677362442016602e-01
5.300225615501403809e-01
4.994707405567169189e-01
5.128058791160583496e-01
4.817588329315185547e-01
4.930738806724548340e-01
4.983440637588500977e-01
4.921927452087402344e-01
5.202683806419372559e-01
4.909511804580688477e-01
6.462334990501403809e-01
5.040929913520812988e-01
5.965568423271179199e-01
5.029882788658142090e-01
5.460709333419799805e-01
5.077958106994628906e-01
5.038381218910217285e-01
5.106410980224609375e-01
5.044426321983337402e-01
4.963037073612213135e-01
5.901246070861816406e-01
4.839173555374145508e-01
4.875762462615966797e-01
4.914160668849945068e-01
4.886791706085205078e-01
4.964399933815002441e-01
4.921526312828063965e-01
4.878606200218200684e-01
5.959162712097167969e-01
4.994588196277618408e-01
4.857902526855468750e-01
5.105631947517395020e-01
5.462942719459533691e-01
4.947305321693420410e-01
4.882695972919464111e-01
5.005274415016174316e-01
4.901502728462219238e-01
5.251041650772094727e-01
7.858734130859375000e-01
4.968049526214599609e-01
7.624163627624511719e-01
5.895667076110839844e-01
5.153993964195251465e-01
5.055772066116333008e-01
5.423589944839477539e-01
4.972428977489471436e-01
5.001505017280578613e-01
4.857312440872192383e-01
6.454049348831176758e-01
4.878606200218200684e-01
4.764901101589202881e-01
4.893258512020111084e-01
4.929721057415008545e-01
5.085237026214599609e-01
4.816192984580993652e-01
5.464257001876831055e-01
4.983326196670532227e-01
5.374135971069335938e-01
5.044426321983337402e-01
4.988944828510284424e-01
4.981204569339752197e-01
4.866073727607727051e-01
4.837395548820495605e-01
5.499897599220275879e-01
4.834249317646026611e-01
5.264700055122375488e-01
4.877193272113800049e-01
5.132212638854980469e-01
5.066355466842651367e-01
5.166353583335876465e-01
4.925348460674285889e-01
4.869194030761718750e-01
4.922769963741302490e-01
5.076603293418884277e-01
4.865498840808868408e-01
4.930482506752014160e-01
8.041373491287231445e-01
4.968049526214599609e-01
5.330817699432373047e-01
5.226507782936096191e-01
4.954811930656433105e-01
7.967665195465087891e-01
5.051540732383728027e-01
7.981088757514953613e-01
6.840190291404724121e-01
5.344867110252380371e-01
6.099847555160522461e-01
6.543091535568237305e-01
4.975409209728240967e-01
5.230369567871093750e-01
4.807311594486236572e-01
5.794988870620727539e-01
4.862129986286163330e-01
5.014686584472656250e-01
5.625812411308288574e-01
4.885025024414062500e-01
5.063557624816894531e-01
5.130370855331420898e-01
4.834868907928466797e-01
4.907439649105072021e-01
4.928985238075256348e-01
4.872788786888122559e-01
6.999485492706298828e-01
5.077958106994628906e-01
4.850792586803436279e-01
4.994440078735351562e-01
4.942501485347747803e-01
5.055950880050659180e-01
5.120676755905151367e-01
4.949359595775604248e-01
8.263074159622192383e-01
4.911760985851287842e-01
4.861470758914947510e-01
5.312093496322631836e-01
4.907699525356292725e-01
5.043148994445800781e-01
5.123276114463806152e-01
5.150533914566040039e-01
7.742767333984375000e-01
4.955266416072845459e-01
5.091267824172973633e-01
5.098482370376586914e-01
5.030007958412170410e-01
7.140085697174072266e-01
4.829016923904418945e-01
4.960761070251464844e-01
4.893846809864044189e-01
4.808523058891296387e-01
4.892581999301910400e-01
5.138729810714721680e-01
4.818854928016662598e-01
5.043124556541442871e-01
5.460683107376098633e-01
5.081020593643188477e-01
5.898849368095397949e-01
6.280688643455505371e-01
4.932184517383575439e-01
5.130481719970703125e-01
5.005274415016174316e-01
5.141927599906921387e-01
5.005114674568176270e-01
4.972223937511444092e-01
6.055076122283935547e-01
4.831013083457946777e-01
4.873163700103759766e-01
4.960761070251464844e-01
5.768148899078369141e-01
5.175943374633789062e-01
5.205641984939575195e-01
4.887200295925140381e-01
4.911584854125976562e-01
5.698461532592773438e-01
5.664310455322265625e-01
5.175437927246093750e-01
4.955559670925140381e-01
4.987674057483673096e-01
4.867384433746337891e-01
5.249523520469665527e-01
5.046676993370056152e-01
5.011050701141357422e-01
4.840812385082244873e-01
6.401245594024658203e-01
6.369194984436035156e-01
6.362795829772949219e-01
6.351855993270874023e-01
6.349402070045471191e-01
6.271823048591613770e-01
5.959058403968811035e-01
6.414739489555358887e-01
6.379358172416687012e-01
6.350657939910888672e-01
6.399387121200561523e-01
6.355563402175903320e-01
6.365541815757751465e-01
6.366602778434753418e-01
6.355631947517395020e-01
6.350387334823608398e-01
6.251587867736816406e-01
6.349378228187561035e-01
6.350288987159729004e-01
6.364306807518005371e-01
6.347324252128601074e-01
6.377387642860412598e-01
6.352628469467163086e-01
6.417655944824218750e-01
6.360929608345031738e-01
6.383337378501892090e-01
6.345094442367553711e-01
6.358932852745056152e-01
6.359503269195556641e-01
6.362378001213073730e-01
6.342431306838989258e-01
6.435955762863159180e-01
6.336758136749267578e-01
6.370825767517089844e-01
6.361246705055236816e-01
6.346867680549621582e-01
6.385884284973144531e-01
6.349979639053344727e-01
6.382513046264648438e-01
6.374219655990600586e-01
6.377821564674377441e-01
6.354303956031799316e-01
6.410101652145385742e-01
6.351804733276367188e-01
6.360334753990173340e-01
6.370660662651062012e-01
6.345853805541992188e-01
6.381676793098449707e-01
6.360032558441162109e-01
6.017014980316162109e-01
6.355082988739013672e-01
6.428788900375366211e-01
6.339312791824340820e-01
6.365112066268920898e-01
6.362951397895812988e-01
6.368795037269592285e-01
6.068657636642456055e-01
6.393644213676452637e-01
6.347724795341491699e-01
6.365736126899719238e-01
6.026641726493835449e-01
6.347966790199279785e-01
5.934902429580688477e-01
6.360552310943603516e-01
6.372799873352050781e-01
6.350104808807373047e-01
6.366550922393798828e-01
6.367201209068298340e-01
6.356139779090881348e-01
6.350990533828735352e-01
6.376971006393432617e-01
6.346591711044311523e-01
6.359657049179077148e-01
6.360258460044860840e-01
6.340015530586242676e-01
6.000834703445434570e-01
6.400949358940124512e-01
6.355422735214233398e-01
6.367011666297912598e-01
6.350295543670654297e-01
6.347497701644897461e-01
6.349846124649047852e-01
5.985513329505920410e-01
6.375340819358825684e-01
6.406307816505432129e-01
6.385844349861145020e-01
6.355873942375183105e-01
6.341868638992309570e-01
6.334432959556579590e-01
6.363070011138916016e-01
6.346366405487060547e-01
6.389138698577880859e-01
6.345376372337341309e-01
6.372108459472656250e-01
6.386265754699707031e-01
6.358085870742797852e-01
6.345353126525878906e-01
6.498111486434936523e-01
6.343853473663330078e-01
6.351855397224426270e-01
6.396921277046203613e-01
6.296485662460327148e-01
5.965424180030822754e-01
6.284492015838623047e-01
6.343219876289367676e-01
6.359127163887023926e-01
6.344476342201232910e-01
6.357178092002868652e-01
6.332212090492248535e-01
6.365112066268920898e-01
6.628506183624267578e-01
6.358985304832458496e-01
6.351078748703002930e-01
6.340276598930358887e-01
6.410143971443176270e-01
6.362786293029785156e-01
6.362561583518981934e-01
6.341192126274108887e-01
6.380959153175354004e-01
6.342408657073974609e-01
6.341782212257385254e-01
6.365925073623657227e-01
6.366403698921203613e-01
6.348363161087036133e-01
6.272045969963073730e-01
6.365119218826293945e-01
6.349507570266723633e-01
6.368473172187805176e-01
6.374968886375427246e-01
6.361060738563537598e-01
6.355715990066528320e-01
6.350883841514587402e-01
6.375612616539001465e-01
6.353633403778076172e-01
6.355548501014709473e-01
6.374979019165039062e-01
6.354846954345703125e-01
6.365089416503906250e-01
6.074300408363342285e-01
6.358121037483215332e-01
6.357407569885253906e-01
6.370859742164611816e-01
6.340279579162597656e-01
6.362839937210083008e-01
6.346340179443359375e-01
5.946847796440124512e-01
6.345984935760498047e-01
6.363425850868225098e-01
6.360563635826110840e-01
6.353441476821899414e-01
6.371844410896301270e-01
6.355578899383544922e-01
6.354004144668579102e-01
6.357353925704956055e-01
6.352867484092712402e-01
6.351200938224792480e-01
6.363327503204345703e-01
6.347434520721435547e-01
6.345478892326354980e-01
6.343973278999328613e-01
6.349384784698486328e-01
6.373877525329589844e-01
6.382091641426086426e-01
6.339040398597717285e-01
6.356344819068908691e-01
6.336603164672851562e-01
6.376657485961914062e-01
6.356398463249206543e-01
6.341663002967834473e-01
6.357644796371459961e-01
6.344712972640991211e-01
6.259102225303649902e-01
6.369806528091430664e-01
6.364503502845764160e-01
6.341462731361389160e-01
6.363327503204345703e-01
6.068813800811767578e-01
6.344629526138305664e-01
6.388774514198303223e-01
6.124604940414428711e-01
6.344668865203857422e-01
6.373025178909301758e-01
6.312493085861206055e-01
6.350010633468627930e-01
6.348282098770141602e-01
6.359977722167968750e-01
6.341019868850708008e-01
6.347792148590087891e-01
5.865120887756347656e-01
6.362378001213073730e-01
6.348950266838073730e-01
6.254026889801025391e-01
6.345168352127075195e-01
6.361684203147888184e-01
6.381555199623107910e-01
6.403051018714904785e-01
6.359800696372985840e-01
6.350969076156616211e-01
6.344844698905944824e-01
6.350316405296325684e-01
5.750989317893981934e-01
5.734678506851196289e-01
5.734314918518066406e-01
5.742728710174560547e-01
5.722925066947937012e-01
5.713903903961181641e-01
5.725173950195312500e-01
5.943773388862609863e-01
5.729300379753112793e-01
5.730558037757873535e-01
5.724257230758666992e-01
5.719551444053649902e-01
5.726780295372009277e-01
5.719401240348815918e-01
5.746884346008300781e-01
5.745864510536193848e-01
5.750077962875366211e-01
5.759817957878112793e-01
5.726341605186462402e-01
5.782355666160583496e-01
5.718374848365783691e-01
5.722808837890625000e-01
5.726320743560791016e-01
5.761587023735046387e-01
5.931866168975830078e-01
5.724018216133117676e-01
5.734224915504455566e-01
5.740021467208862305e-01
5.720567107200622559e-01
5.720294117927551270e-01
5.734311342239379883e-01
5.719662308692932129e-01
5.720490217208862305e-01
5.716773271560668945e-01
5.722959041595458984e-01
5.724001526832580566e-01
5.729254484176635742e-01
5.721937417984008789e-01
5.728338956832885742e-01
5.734279155731201172e-01
5.766300559043884277e-01
5.723950862884521484e-01
5.715425610542297363e-01
5.745368599891662598e-01
5.731724500656127930e-01
5.725448727607727051e-01
5.748206973075866699e-01
5.725448727607727051e-01
5.724458098411560059e-01
5.715680718421936035e-01
5.721127390861511230e-01
5.739911794662475586e-01
5.718736648559570312e-01
5.720828771591186523e-01
5.784029960632324219e-01
5.720814466476440430e-01
5.764616131782531738e-01
5.716714859008789062e-01
5.784857273101806641e-01
5.766843557357788086e-01
5.743251442909240723e-01
5.833288431167602539e-01
5.840997695922851562e-01
5.739174485206604004e-01
5.745880603790283203e-01
5.714095830917358398e-01
5.723142027854919434e-01
5.713045597076416016e-01
5.736792087554931641e-01
5.722040534019470215e-01
5.720325708389282227e-01
5.721925497055053711e-01
5.733599066734313965e-01
5.712152719497680664e-01
5.747690796852111816e-01
5.748243331909179688e-01
5.745655894279479980e-01
5.759534835815429688e-01
5.737411975860595703e-01
5.836627483367919922e-01
5.719209313392639160e-01
5.736102461814880371e-01
5.735256671905517578e-01
5.721435546875000000e-01
5.761737227439880371e-01
5.737603306770324707e-01
5.747264027595520020e-01
5.718430876731872559e-01
5.726714134216308594e-01
5.827094912528991699e-01
5.759566426277160645e-01
5.724027752876281738e-01
5.732233524322509766e-01
6.124303936958312988e-01
5.721517801284790039e-01
5.750538706779479980e-01
5.773553252220153809e-01
5.732040405273437500e-01
5.734050869941711426e-01
5.737498402595520020e-01
5.916565060615539551e-01
5.733017921447753906e-01
5.743802785873413086e-01
5.734782218933105469e-01
5.751302838325500488e-01
5.779226422309875488e-01
5.715612769126892090e-01
5.735765099525451660e-01
5.729537606239318848e-01
5.864739418029785156e-01
5.734148621559143066e-01
5.717511773109436035e-01
5.729880928993225098e-01
5.733017921447753906e-01
5.731037259101867676e-01
5.731615424156188965e-01
5.979444384574890137e-01
5.747811794281005859e-01
5.766115784645080566e-01
5.794171690940856934e-01
5.789874792098999023e-01
5.724757909774780273e-01
5.723481178283691406e-01
5.805807709693908691e-01
5.726540088653564453e-01
5.732355117797851562e-01
5.768804550170898438e-01
5.778011083602905273e-01
5.937376618385314941e-01
5.764206647872924805e-01
5.727667212486267090e-01
5.718280673027038574e-01
5.776131153106689453e-01
5.722998976707458496e-01
5.721360445022583008e-01
5.747729539871215820e-01
5.719919204711914062e-01
5.715220570564270020e-01
5.804910063743591309e-01
5.726166367530822754e-01
5.751716494560241699e-01
5.753649473190307617e-01
5.746102929115295410e-01
5.718625187873840332e-01
5.732712149620056152e-01
5.738810896873474121e-01
5.804664492607116699e-01
5.728245973587036133e-01
5.718265771865844727e-01
5.765346288681030273e-01
5.729378461837768555e-01
5.778909921646118164e-01
5.724478960037231445e-01
5.771644711494445801e-01
5.752075314521789551e-01
5.740293860435485840e-01
5.724027752876281738e-01
5.724397897720336914e-01
5.746520757675170898e-01
5.732490420341491699e-01
5.796176195144653320e-01
5.788518190383911133e-01
5.720661878585815430e-01
5.730924010276794434e-01
5.717642307281494141e-01
5.730851888656616211e-01
5.730475187301635742e-01
5.738366246223449707e-01
5.720154047012329102e-01
5.732798576354980469e-01
5.772262811660766602e-01
5.985613465309143066e-01
5.730565786361694336e-01
5.724027752876281738e-01
5.722224116325378418e-01
5.723817944526672363e-01
5.765114426612854004e-01
5.720611810684204102e-01
5.804741382598876953e-01
5.736107230186462402e-01
5.755544900894165039e-01
5.721043944358825684e-01
5.731793045997619629e-01
5.719550848007202148e-01
5.725754499435424805e-01
5.760147571563720703e-01
5.732172727584838867e-01
5.747576951980590820e-01
5.728591680526733398e-01
5.727407336235046387e-01
5.727407336235046387e-01
5.752366185188293457e-01
5.802540183067321777e-01
5.747131705284118652e-01
5.721359252929687500e-01
5.757719278335571289e-01
5.741094946861267090e-01
5.726360082626342773e-01
5.778010487556457520e-01
5.746525526046752930e-01
6.044055223464965820e-01
6.041846871376037598e-01
6.046988964080810547e-01
6.058437228202819824e-01
6.290212869644165039e-01
6.038765311241149902e-01
6.043002009391784668e-01
6.037724018096923828e-01
6.039140224456787109e-01
6.035999655723571777e-01
6.055966615676879883e-01
6.048022508621215820e-01
6.041663289070129395e-01
6.094411015510559082e-01
6.170262694358825684e-01
6.112820506095886230e-01
6.049246788024902344e-01
6.041837334632873535e-01
6.059079170227050781e-01
6.042396426200866699e-01
6.037819981575012207e-01
6.046783328056335449e-01
6.056671738624572754e-01
6.051498055458068848e-01
6.040535569190979004e-01
6.036775112152099609e-01
6.055706739425659180e-01
6.047282814979553223e-01
6.071035861968994141e-01
6.086481809616088867e-01
6.042922139167785645e-01
6.105306744575500488e-01
6.090551018714904785e-01
6.043992042541503906e-01
6.059038043022155762e-01
6.043035387992858887e-01
6.043664813041687012e-01
6.054141521453857422e-01
6.048743724822998047e-01
6.041851639747619629e-01
6.047914624214172363e-01
6.036329865455627441e-01
6.045421957969665527e-01
6.049630641937255859e-01
6.042590737342834473e-01
6.072894334793090820e-01
6.053601503372192383e-01
6.500402092933654785e-01
6.416485905647277832e-01
6.041224002838134766e-01
6.047039031982421875e-01
6.047178506851196289e-01
6.047098636627197266e-01
6.048061847686767578e-01
6.038849353790283203e-01
6.043628454208374023e-01
6.043685674667358398e-01
6.049322485923767090e-01
6.087281107902526855e-01
6.052011251449584961e-01
6.524242162704467773e-01
6.049658060073852539e-01
6.040936708450317383e-01
6.044687628746032715e-01
6.045483946800231934e-01
6.040143370628356934e-01
6.047616600990295410e-01
6.060478687286376953e-01
6.044678688049316406e-01
6.055291295051574707e-01
6.054378747940063477e-01
6.040237545967102051e-01
6.041299700736999512e-01
6.053555011749267578e-01
6.562076210975646973e-01
6.047672629356384277e-01
6.045507788658142090e-01
6.040911674499511719e-01
6.050244569778442383e-01
6.040459275245666504e-01
6.039360761642456055e-01
6.042999625205993652e-01
6.173976063728332520e-01
6.084196567535400391e-01
6.098295450210571289e-01
6.058015227317810059e-01
6.065196394920349121e-01
6.036873459815979004e-01
6.352089643478393555e-01
6.431716680526733398e-01
6.046628355979919434e-01
6.040474772453308105e-01
6.056358218193054199e-01
6.044827103614807129e-01
6.042793989181518555e-01
6.050676703453063965e-01
6.309460997581481934e-01
6.047116518020629883e-01
6.043922901153564453e-01
6.053975820541381836e-01
6.053677797317504883e-01
6.054009795188903809e-01
6.044796109199523926e-01
6.052688956260681152e-01
6.883942484855651855e-01
6.080046892166137695e-01
6.067293286323547363e-01
6.047431826591491699e-01
6.037849187850952148e-01
6.054784655570983887e-01
6.052711606025695801e-01
6.047665476799011230e-01
6.044428944587707520e-01
6.036525964736938477e-01
6.049373745918273926e-01
6.047295928001403809e-01
6.190317273139953613e-01
6.070000529289245605e-01
6.160774827003479004e-01
6.049612164497375488e-01
6.445171833038330078e-01
6.060686707496643066e-01
6.052634716033935547e-01
6.057653427124023438e-01
6.040855646133422852e-01
6.049964427947998047e-01
6.062571406364440918e-01
6.040770411491394043e-01
6.038479804992675781e-01
6.039947867393493652e-01
6.035785079002380371e-01
6.058487892150878906e-01
6.048773527145385742e-01
6.443817019462585449e-01
6.081154942512512207e-01
6.044113636016845703e-01
6.052599549293518066e-01
6.042835116386413574e-01
6.044053435325622559e-01
6.043753027915954590e-01
6.044889688491821289e-01
6.046164631843566895e-01
6.041080355644226074e-01
6.040099859237670898e-01
6.037434935569763184e-01
6.040771007537841797e-01
6.062451601028442383e-01
6.042864918708801270e-01
6.048190593719482422e-01
6.043488979339599609e-01
6.318692564964294434e-01
6.041364073753356934e-01
6.043615341186523438e-01
6.044098138809204102e-01
6.050341129302978516e-01
6.048653721809387207e-01
6.046606898307800293e-01
6.431716680526733398e-01
6.046612262725830078e-01
6.059094667434692383e-01
6.041560173034667969e-01
6.048464775085449219e-01
6.048189997673034668e-01
6.045507192611694336e-01
6.062571406364440918e-01
6.036831140518188477e-01
6.043062806129455566e-01
6.044616103172302246e-01
6.037914752960205078e-01
6.065745949745178223e-01
6.136522889137268066e-01
6.048676967620849609e-01
6.098591089248657227e-01
6.044207811355590820e-01
6.046109199523925781e-01
6.040879487991333008e-01
6.038740873336791992e-01
6.054317951202392578e-01
6.041874885559082031e-01
6.041851639747619629e-01
6.048931479454040527e-01
6.039131283760070801e-01
6.049170494079589844e-01
6.066868901252746582e-01
6.075283288955688477e-01
6.047906279563903809e-01
6.058261394500732422e-01
6.058959364891052246e-01
6.051922440528869629e-01
6.034454703330993652e-01
6.041201949119567871e-01
6.040372848510742188e-01
6.049125790596008301e-01
6.056048274040222168e-01
6.049100756645202637e-01
6.042982339859008789e-01
6.038461327552795410e-01
6.115927100181579590e-01
6.047109365463256836e-01
6.092608571052551270e-01
4.977789819240570068e-01
4.812587797641754150e-01
4.811268746852874756e-01
4.854293167591094971e-01
4.802449941635131836e-01
4.807631075382232666e-01
4.901545047760009766e-01
4.838335514068603516e-01
5.168039202690124512e-01
4.913983047008514404e-01
4.805182218551635742e-01
5.979087948799133301e-01
4.800578057765960693e-01
4.829384088516235352e-01
4.796446263790130615e-01
4.528575539588928223e-01
4.813170135021209717e-01
4.790754318237304688e-01
4.847611188888549805e-01
4.428952038288116455e-01
4.779881536960601807e-01
6.032254099845886230e-01
5.065197944641113281e-01
4.805964529514312744e-01
4.823150038719177246e-01
4.719882011413574219e-01
4.804693162441253662e-01
4.856423735618591309e-01
4.800574779510498047e-01
4.795631468296051025e-01
4.817158877849578857e-01
4.896014630794525146e-01
4.889270067214965820e-01
4.828520715236663818e-01
4.809585213661193848e-01
5.063245296478271484e-01
4.803844392299652100e-01
5.195233225822448730e-01
4.855976402759552002e-01
4.785903096199035645e-01
4.864850044250488281e-01
5.439051985740661621e-01
4.814860820770263672e-01
4.876836240291595459e-01
5.389512777328491211e-01
4.820843040943145752e-01
4.791612923145294189e-01
4.994966089725494385e-01
5.104543566703796387e-01
5.068201422691345215e-01
4.149788022041320801e-01
4.878570437431335449e-01
4.830065071582794189e-01
4.786488115787506104e-01
4.795755445957183838e-01
4.789724349975585938e-01
4.821289777755737305e-01
4.783626496791839600e-01
4.904923737049102783e-01
4.799184203147888184e-01
3.946328759193420410e-01
4.709502160549163818e-01
4.825715720653533936e-01
4.834350645542144775e-01
4.533697366714477539e-01
4.804739654064178467e-01
4.798147678375244141e-01
4.806573688983917236e-01
4.832750856876373291e-01
4.793115556240081787e-01
4.788332879543304443e-01
4.790742695331573486e-01
4.882660806179046631e-01
4.767494797706604004e-01
4.795394539833068848e-01
4.847635924816131592e-01
5.241689682006835938e-01
4.823779463768005371e-01
4.807462096214294434e-01
4.921518862247467041e-01
4.901879131793975830e-01
4.750046133995056152e-01
5.136833190917968750e-01
4.775589406490325928e-01
4.839325845241546631e-01
4.848440587520599365e-01
5.470047593116760254e-01
4.641604423522949219e-01
4.891840517520904541e-01
4.723127782344818115e-01
4.807915389537811279e-01
3.927255868911743164e-01
4.827060699462890625e-01
4.798924028873443604e-01
4.782478809356689453e-01
4.803338944911956787e-01
4.836112260818481445e-01
4.805386662483215332e-01
4.805959165096282959e-01
4.900673627853393555e-01
5.445062518119812012e-01
4.804693162441253662e-01
5.092141628265380859e-01
4.983565509319305420e-01
4.826210439205169678e-01
4.799473881721496582e-01
4.827342033386230469e-01
4.781415164470672607e-01
4.793049693107604980e-01
4.819130599498748779e-01
4.807698428630828857e-01
4.688035547733306885e-01
4.849245250225067139e-01
4.795642197132110596e-01
4.894110858440399170e-01
4.876757264137268066e-01
4.883454740047454834e-01
5.749987363815307617e-01
4.459191262722015381e-01
4.998517632484436035e-01
4.812767803668975830e-01
4.967805743217468262e-01
5.095123648643493652e-01
4.867694079875946045e-01
4.805587530136108398e-01
4.948318004608154297e-01
4.933842122554779053e-01
4.908982813358306885e-01
4.459191262722015381e-01
4.870953559875488281e-01
4.800761342048645020e-01
5.627132654190063477e-01
4.978873133659362793e-01
5.006725192070007324e-01
4.660696089267730713e-01
5.069993734359741211e-01
4.857321977615356445e-01
4.887136816978454590e-01
4.902012050151824951e-01
5.483462214469909668e-01
4.916055202484130859e-01
4.834328293800354004e-01
4.735799133777618408e-01
4.814078509807586670e-01
4.986262023448944092e-01
4.877315759658813477e-01
4.741682708263397217e-01
3.942197859287261963e-01
4.911280870437622070e-01
4.813427031040191650e-01
4.884533882141113281e-01
5.008936524391174316e-01
4.791913032531738281e-01
4.830097854137420654e-01
4.442234635353088379e-01
4.800587892532348633e-01
4.999213516712188721e-01
4.840898215770721436e-01
4.182738065719604492e-01
4.822426140308380127e-01
4.994980692863464355e-01
4.895686209201812744e-01
5.032374858856201172e-01
4.783002138137817383e-01
4.796941876411437988e-01
5.512835383415222168e-01
4.765072464942932129e-01
4.790132641792297363e-01
5.021913051605224609e-01
4.822323024272918701e-01
4.828777313232421875e-01
4.799059629440307617e-01
4.846783578395843506e-01
4.936939775943756104e-01
4.826271235942840576e-01
4.685670137405395508e-01
4.870711565017700195e-01
4.821305871009826660e-01
4.813830554485321045e-01
5.104115009307861328e-01
4.808326363563537598e-01
4.785543382167816162e-01
4.804268777370452881e-01
3.979162871837615967e-01
4.817746579647064209e-01
4.780293107032775879e-01
4.790396392345428467e-01
4.880365431308746338e-01
4.808689057826995850e-01
6.406477689743041992e-01
4.778101742267608643e-01
4.790999591350555420e-01
4.679851233959197998e-01
4.861600697040557861e-01
4.823147952556610107e-01
4.384266734123229980e-01
4.860114455223083496e-01
4.805241525173187256e-01
4.841614961624145508e-01
4.794800877571105957e-01
6.196178197860717773e-01
6.159145236015319824e-01
6.461772322654724121e-01
6.167046427726745605e-01
6.161159276962280273e-01
6.251739263534545898e-01
6.160415410995483398e-01
6.164177656173706055e-01
6.169467568397521973e-01
6.335833072662353516e-01
6.161974668502807617e-01
6.160811781883239746e-01
6.162208914756774902e-01
6.168367266654968262e-01
6.186313033103942871e-01
6.160151958465576172e-01
6.163049340248107910e-01
6.166014671325683594e-01
6.164197921752929688e-01
6.198171973228454590e-01
6.158468127250671387e-01
6.359780430793762207e-01
6.159726381301879883e-01
6.159950494766235352e-01
6.157783865928649902e-01
6.223090887069702148e-01
6.173155307769775391e-01
6.161901354789733887e-01
6.160163879394531250e-01
6.174998283386230469e-01
6.161672472953796387e-01
6.158191561698913574e-01
6.169095635414123535e-01
6.182374358177185059e-01
6.161064505577087402e-01
6.162254810333251953e-01
6.195318102836608887e-01
6.160314679145812988e-01
6.183373332023620605e-01
6.177001595497131348e-01
6.172042489051818848e-01
6.162104010581970215e-01
6.205670833587646484e-01
6.173008084297180176e-01
6.167219281196594238e-01
6.169399023056030273e-01
6.159650683403015137e-01
6.159199476242065430e-01
6.183931231498718262e-01
6.162105202674865723e-01
6.181627511978149414e-01
6.168738007545471191e-01
6.171127557754516602e-01
6.168740391731262207e-01
6.176285743713378906e-01
6.160433292388916016e-01
6.174992322921752930e-01
6.184692978858947754e-01
6.160030961036682129e-01
6.159700751304626465e-01
6.168363690376281738e-01
6.158275008201599121e-01
6.466379165649414062e-01
6.202731728553771973e-01
6.186069846153259277e-01
6.232679486274719238e-01
6.483232975006103516e-01
6.202347874641418457e-01
6.210588216781616211e-01
6.174225807189941406e-01
6.196296215057373047e-01
6.162410378456115723e-01
6.161901354789733887e-01
6.167405247688293457e-01
6.163456439971923828e-01
6.561043858528137207e-01
6.161995530128479004e-01
6.169852018356323242e-01
6.177124977111816406e-01
6.170359849929809570e-01
6.173671483993530273e-01
6.161886453628540039e-01
6.590986847877502441e-01
6.192079186439514160e-01
6.169905066490173340e-01
6.162586808204650879e-01
6.162753701210021973e-01
6.160217523574829102e-01
6.158873438835144043e-01
6.571336388587951660e-01
6.186236143112182617e-01
6.429789662361145020e-01
6.160696148872375488e-01
6.163572669029235840e-01
6.175161004066467285e-01
6.276865601539611816e-01
6.162441968917846680e-01
6.161979436874389648e-01
6.165682673454284668e-01
6.172099113464355469e-01
6.185782551765441895e-01
6.161557435989379883e-01
6.161693334579467773e-01
6.160451769828796387e-01
6.160598397254943848e-01
6.504527330398559570e-01
6.160054802894592285e-01
6.161769628524780273e-01
6.241587400436401367e-01
6.171416640281677246e-01
6.166138052940368652e-01
6.176315546035766602e-01
6.160302758216857910e-01
6.159807443618774414e-01
6.380088329315185547e-01
6.664581894874572754e-01
6.181092858314514160e-01
6.163653731346130371e-01
6.195868849754333496e-01
6.170479059219360352e-01
6.160199642181396484e-01
6.161890029907226562e-01
6.159709692001342773e-01
6.162941455841064453e-01
6.160185933113098145e-01
6.180072426795959473e-01
6.172354817390441895e-01
6.169637441635131836e-01
6.218113303184509277e-01
6.167410016059875488e-01
6.160064339637756348e-01
6.170821785926818848e-01
6.163344979286193848e-01
6.158833503723144531e-01
6.252351999282836914e-01
6.169306635856628418e-01
6.160407662391662598e-01
6.162389516830444336e-01
6.195405125617980957e-01
6.167696714401245117e-01
6.169611215591430664e-01
6.160292625427246094e-01
6.498120427131652832e-01
6.158339977264404297e-01
6.161991953849792480e-01
6.168183684349060059e-01
6.208823919296264648e-01
6.159973144531250000e-01
6.166462898254394531e-01
6.218788027763366699e-01
6.209567785263061523e-01
6.162562966346740723e-01
6.203137040138244629e-01
6.197494268417358398e-01
6.168932318687438965e-01
6.168729066848754883e-01
6.160264611244201660e-01
6.158927679061889648e-01
6.159635782241821289e-01
6.170414686203002930e-01
6.447814702987670898e-01
6.172428727149963379e-01
6.163780093193054199e-01
6.168436408042907715e-01
6.161729693412780762e-01
6.158284544944763184e-01
6.160628199577331543e-01
6.159086823463439941e-01
6.475385427474975586e-01
6.170789599418640137e-01
6.160142421722412109e-01
6.159372329711914062e-01
6.162188053131103516e-01
6.585517525672912598e-01
6.169467568397521973e-01
6.187056303024291992e-01
6.203751564025878906e-01
6.161324381828308105e-01
6.168510913848876953e-01
6.160664558410644531e-01
6.159046888351440430e-01
6.169701814651489258e-01
6.175090074539184570e-01
6.169263720512390137e-01
6.166689991950988770e-01
6.414807438850402832e-01
6.370404958724975586e-01
6.161729693412780762e-01
6.169672012329101562e-01
6.188721656799316406e-01
6.162148714065551758e-01
6.158109903335571289e-01
6.163494586944580078e-01
6.160029172897338867e-01
6.160017848014831543e-01
6.168716549873352051e-01
6.160182952880859375e-01
6.173131465911865234e-01
6.168051362037658691e-01
6.229848265647888184e-01
3.948726952075958252e-01
4.009572565555572510e-01
4.203825592994689941e-01
3.718050718307495117e-01
4.159543812274932861e-01
5.241076350212097168e-01
4.040077030658721924e-01
5.937201976776123047e-01
9.918793439865112305e-01
3.780378103256225586e-01
3.702402412891387939e-01
4.370363056659698486e-01
4.285587072372436523e-01
4.656951725482940674e-01
4.706508815288543701e-01
4.155359864234924316e-01
3.768018484115600586e-01
4.468388855457305908e-01
5.922259390354156494e-02
6.657750606536865234e-01
4.139205217361450195e-01
6.818466186523437500e-01
3.820993006229400635e-01
7.739122509956359863e-01
2.557535171508789062e-01
5.427856813184916973e-04
3.948189020156860352e-01
2.351406663656234741e-01
3.784319162368774414e-01
4.717825055122375488e-01
3.748609125614166260e-01
3.944249451160430908e-01
5.019340515136718750e-01
3.757083714008331299e-01
4.251323938369750977e-01
4.402958750724792480e-01
6.062349677085876465e-01
5.248546004295349121e-01
4.123459756374359131e-01
4.504436254501342773e-01
3.780378103256225586e-01
1.021111384034156799e-01
4.087621811777353287e-03
4.158469140529632568e-01
4.314597249031066895e-01
4.145191311836242676e-01
3.940100669860839844e-01
1.007610119473090204e-12
3.813879191875457764e-01
4.267510473728179932e-01
5.537384375929832458e-02
3.944249451160430908e-01
3.784949481487274170e-01
4.173732399940490723e-01
7.889374494552612305e-01
5.433148145675659180e-01
4.395956695079803467e-01
3.679782450199127197e-01
4.055068492889404297e-01
1.252972753718495369e-03
6.929450035095214844e-01
4.111185967922210693e-01
4.608576893806457520e-01
4.333435893058776855e-01
3.953924179077148438e-01
4.403914809226989746e-01
4.207508265972137451e-01
4.178705513477325439e-01
5.801293849945068359e-01
5.005645751953125000e-01
4.641436934471130371e-01
6.354817152023315430e-01
1.992049927790340291e-11
4.252941906452178955e-01
8.002010732889175415e-02
4.166328907012939453e-01
3.814302980899810791e-01
4.126616120338439941e-01
4.442803263664245605e-01
6.140038967132568359e-01
4.139051139354705811e-01
5.696105360984802246e-01
1.617318391799926758e-01
4.187175035476684570e-01
4.114627838134765625e-01
3.958232700824737549e-01
4.113044142723083496e-01
4.299153387546539307e-01
4.231831133365631104e-01
6.703076362609863281e-01
4.059077203273773193e-01
3.585401475429534912e-01
4.202863872051239014e-01
4.109598100185394287e-01
9.548504352569580078e-01
2.558866739273071289e-01
4.178467988967895508e-01
6.573104858398437500e-01
7.333450913429260254e-01
5.352324843406677246e-01
4.093163609504699707e-01
3.830669820308685303e-01
4.370266199111938477e-01
4.020330607891082764e-01
3.273734450340270996e-01
4.236900806427001953e-01
4.078722596168518066e-01
3.210556507110595703e-01
3.638121485710144043e-01
2.821622331339312950e-07
4.553859233856201172e-01
9.635373353958129883e-01
7.432475090026855469e-01
4.151707291603088379e-01
3.618341088294982910e-01
5.813191458582878113e-02
4.133790135383605957e-01
4.138065576553344727e-01
4.134061932563781738e-01
3.734818696975708008e-01
6.525022983551025391e-01
3.767095208168029785e-01
6.665934324264526367e-01
6.360210180282592773e-01
9.904876351356506348e-01
4.136857688426971436e-01
4.202668666839599609e-01
3.007887607964221388e-05
3.848679363727569580e-01
4.109470844268798828e-01
8.139780759811401367e-01
9.999965429306030273e-01
4.550669491291046143e-01
4.301061034202575684e-01
5.754474997520446777e-01
5.150448679924011230e-01
6.553576588630676270e-01
2.695413772016763687e-03
4.070878028869628906e-01
4.564560055732727051e-01
2.975205779075622559e-01
3.932343721389770508e-01
1.219934895634651184e-01
3.775321238208562136e-05
5.365191027522087097e-02
4.949464201927185059e-01
9.635418653488159180e-01
6.409681674313105759e-10
1.299215000472031534e-06
1.039066165685653687e-01
4.152882993221282959e-01
4.182785749435424805e-01
8.984919190406799316e-01
2.219660282135009766e-01
4.430341720581054688e-01
3.891223669052124023e-01
1.260640174150466919e-01
3.750715255737304688e-01
3.666546940803527832e-01
4.189973473548889160e-01
3.748609125614166260e-01
4.151313900947570801e-01
2.160095423460006714e-02
5.187343358993530273e-01
8.904806375503540039e-01
4.159992933273315430e-01
3.901277184486389160e-01
3.483907878398895264e-01
8.881024718284606934e-01
4.368164539337158203e-01
4.110797047615051270e-01
4.420338869094848633e-01
2.950345873832702637e-01
4.195627272129058838e-01
3.745277523994445801e-01
3.876350522041320801e-01
4.355997443199157715e-01
4.178972244262695312e-01
5.257623195648193359e-01
8.626864850521087646e-02
3.932969868183135986e-01
4.453233778476715088e-01
8.850917816162109375e-01
6.462887525558471680e-01
5.934427976608276367e-01
4.170660972595214844e-01
4.175551831722259521e-01
3.512687683105468750e-01
3.397997617721557617e-01
2.625735700130462646e-01
4.152722656726837158e-01
3.906642496585845947e-01
4.219032824039459229e-01
4.049304425716400146e-01
4.171635508537292480e-01
4.201994240283966064e-01
2.868404044420458376e-05
4.427344799041748047e-01
4.150823950767517090e-01
4.114795625209808350e-01
5.187270045280456543e-01
5.205650329589843750e-01
5.389047265052795410e-01
5.157353281974792480e-01
5.785150527954101562e-01
5.043520331382751465e-01
7.346683144569396973e-01
5.045904517173767090e-01
5.003991723060607910e-01
5.062283277511596680e-01
5.212888717651367188e-01
5.334177613258361816e-01
5.174898505210876465e-01
5.091220736503601074e-01
5.090127587318420410e-01
5.199629664421081543e-01
5.198946595191955566e-01
5.027649998664855957e-01
4.972356259822845459e-01
4.787098765373229980e-01
5.527080297470092773e-01
5.056272149085998535e-01
5.022665262222290039e-01
5.064752697944641113e-01
5.029879808425903320e-01
5.155852437019348145e-01
6.203841567039489746e-01
5.066990852355957031e-01
5.076443552970886230e-01
5.401617884635925293e-01
5.597268939018249512e-01
5.064671635627746582e-01
5.187277793884277344e-01
5.061124563217163086e-01
5.092505812644958496e-01
4.923264980316162109e-01
5.069268345832824707e-01
5.031208395957946777e-01
5.633048415184020996e-01
5.226446986198425293e-01
5.050145387649536133e-01
5.047273039817810059e-01
6.496134996414184570e-01
5.167873501777648926e-01
5.171104073524475098e-01
5.182439088821411133e-01
5.022225379943847656e-01
5.080569982528686523e-01
4.051544666290283203e-01
4.973624944686889648e-01
4.575848579406738281e-01
5.023677945137023926e-01
4.624261260032653809e-01
5.342689156532287598e-01
5.329734683036804199e-01
6.011734008789062500e-01
5.016733407974243164e-01
5.168864727020263672e-01
5.045904517173767090e-01
5.060587525367736816e-01
5.365096330642700195e-01
5.094420909881591797e-01
5.177021622657775879e-01
5.031181573867797852e-01
5.254486799240112305e-01
5.107913017272949219e-01
5.964686870574951172e-01
4.861115217208862305e-01
5.536028146743774414e-01
4.782141149044036865e-01
4.958694279193878174e-01
5.243471264839172363e-01
5.080249905586242676e-01
5.095161199569702148e-01
5.082919597625732422e-01
5.005118846893310547e-01
4.968995451927185059e-01
5.820452570915222168e-01
5.465043187141418457e-01
5.045419335365295410e-01
5.248284935951232910e-01
5.300956368446350098e-01
5.050368905067443848e-01
5.100910663604736328e-01
5.332345962524414062e-01
5.030034184455871582e-01
5.432004332542419434e-01
6.041172742843627930e-01
5.095708966255187988e-01
5.030529499053955078e-01
5.193813443183898926e-01
5.201984643936157227e-01
4.725114703178405762e-01
5.200041532516479492e-01
5.162037014961242676e-01
5.150933861732482910e-01
5.087803006172180176e-01
5.555898547172546387e-01
5.054427385330200195e-01
5.037454366683959961e-01
5.106527209281921387e-01
5.025312304496765137e-01
5.173699855804443359e-01
5.761904716491699219e-01
5.047982335090637207e-01
4.914588928222656250e-01
6.682747006416320801e-01
5.082599520683288574e-01
5.170773267745971680e-01
4.971953630447387695e-01
5.190405249595642090e-01
5.170539617538452148e-01
4.844931364059448242e-01
5.092031955718994141e-01
5.160700082778930664e-01
5.176635980606079102e-01
5.163571834564208984e-01
5.094558000564575195e-01
5.176439285278320312e-01
5.257481336593627930e-01
5.156978964805603027e-01
5.060282349586486816e-01
5.297080278396606445e-01
4.865958094596862793e-01
5.120226740837097168e-01
5.101390480995178223e-01
4.931562542915344238e-01
5.941445827484130859e-01
5.393877029418945312e-01
5.160493850708007812e-01
5.189521908760070801e-01
5.456354022026062012e-01
4.347591996192932129e-01
6.844726204872131348e-01
5.162650346755981445e-01
5.780216455459594727e-01
5.197913050651550293e-01
5.187745094299316406e-01
5.084766745567321777e-01
4.981004893779754639e-01
5.066471695899963379e-01
4.966782033443450928e-01
5.107092857360839844e-01
5.082052946090698242e-01
5.292578935623168945e-01
5.053263902664184570e-01
8.258259296417236328e-01
5.345730185508728027e-01
5.003063678741455078e-01
4.996253848075866699e-01
5.051528811454772949e-01
4.989241063594818115e-01
5.166139006614685059e-01
5.477002859115600586e-01
5.645458698272705078e-01
5.184806585311889648e-01
5.087061524391174316e-01
5.097405314445495605e-01
5.107227563858032227e-01
5.197716951370239258e-01
5.084984302520751953e-01
5.085520148277282715e-01
4.931620061397552490e-01
5.129793286323547363e-01
5.206408500671386719e-01
5.075448155403137207e-01
5.045896768569946289e-01
5.064612030982971191e-01
4.982542693614959717e-01
5.072003602981567383e-01
5.213359594345092773e-01
5.313889980316162109e-01
5.097419619560241699e-01
5.033151507377624512e-01
5.068431496620178223e-01
5.124256610870361328e-01
5.069544315338134766e-01
5.078199505805969238e-01
7.109565734863281250e-01
7.134047746658325195e-01
5.044066309928894043e-01
5.254182815551757812e-01
4.964919388294219971e-01
5.040726661682128906e-01
6.643239855766296387e-01
4.985390305519104004e-01
5.505189299583435059e-01
5.005100369453430176e-01
5.018103718757629395e-01
5.173480510711669922e-01
7.653706669807434082e-01
5.172132849693298340e-01
5.114162564277648926e-01
5.522713065147399902e-01
5.244705080986022949e-01
5.017775297164916992e-01
5.100232362747192383e-01
5.095683336257934570e-01
4.051544666290283203e-01
5.071615576744079590e-01
4.840103983879089355e-01
5.135391354560852051e-01
5.177155733108520508e-01
4.380849599838256836e-01
4.999310672283172607e-01
5.183604359626770020e-01
7.077104449272155762e-01
4.615419507026672363e-01
5.332474112510681152e-01
5.717045068740844727e-01
5.463836789131164551e-01
5.037367939949035645e-01
5.058253407478332520e-01
4.877155423164367676e-01
5.034065842628479004e-01
5.022893548011779785e-01
5.309723019599914551e-01
5.029578804969787598e-01
4.741464257240295410e-01
7.817445397377014160e-01
5.248519182205200195e-01
5.406624078750610352e-01
7.073245644569396973e-01
4.825631976127624512e-01
5.789411664009094238e-01
5.667777657508850098e-01
5.046976804733276367e-01
6.659360527992248535e-01
6.116482615470886230e-01
4.989954233169555664e-01
4.689384400844573975e-01
5.530003309249877930e-01
6.738954782485961914e-01
5.022233128547668457e-01
4.416857361793518066e-01
5.148291587829589844e-01
4.915348887443542480e-01
5.132973194122314453e-01
5.073513388633728027e-01
5.101168155670166016e-01
5.113110542297363281e-01
5.486876368522644043e-01
5.196511745452880859e-01
5.775358676910400391e-01
4.942397773265838623e-01
5.068461298942565918e-01
4.856377243995666504e-01
5.288475155830383301e-01
4.808708131313323975e-01
5.175084471702575684e-01
4.794251024723052979e-01
4.850267469882965088e-01
5.243745446205139160e-01
7.442899942398071289e-01
4.812826812267303467e-01
4.458402693271636963e-01
5.733007788658142090e-01
4.786098003387451172e-01
5.121485590934753418e-01
5.039157867431640625e-01
5.053628683090209961e-01
5.245684385299682617e-01
4.510655105113983154e-01
5.080112218856811523e-01
5.049716830253601074e-01
5.121617913246154785e-01
4.940948784351348877e-01
5.105491876602172852e-01
5.010340213775634766e-01
4.839202761650085449e-01
4.907986223697662354e-01
5.032487511634826660e-01
7.974249124526977539e-01
5.401844382286071777e-01
4.824228584766387939e-01
4.733947813510894775e-01
6.193273067474365234e-01
4.930489063262939453e-01
4.470281302928924561e-01
4.992503225803375244e-01
4.577597379684448242e-01
4.696441590785980225e-01
5.321867465972900391e-01
5.041456222534179688e-01
5.021124482154846191e-01
4.773138165473937988e-01
4.725966751575469971e-01
5.113110542297363281e-01
5.116997957229614258e-01
4.919267594814300537e-01
5.255008339881896973e-01
5.263074636459350586e-01
4.650800228118896484e-01
4.840103983879089355e-01
5.062078237533569336e-01
5.039339065551757812e-01
4.915348887443542480e-01
5.456171035766601562e-01
4.903445839881896973e-01
4.424383640289306641e-01
5.178677439689636230e-01
5.458737015724182129e-01
5.095734000205993652e-01
4.977203607559204102e-01
4.743166267871856689e-01
5.051115751266479492e-01
5.010340213775634766e-01
5.037537813186645508e-01
4.987269341945648193e-01
4.634082019329071045e-01
5.077474117279052734e-01
4.792921543121337891e-01
5.464418530464172363e-01
5.292508602142333984e-01
4.657790064811706543e-01
5.427812933921813965e-01
4.681376218795776367e-01
5.053613781929016113e-01
6.159950494766235352e-01
5.096130371093750000e-01
5.181114673614501953e-01
4.676017463207244873e-01
5.074309706687927246e-01
4.722110331058502197e-01
5.106686949729919434e-01
5.499759912490844727e-01
4.601791501045227051e-01
5.183055400848388672e-01
4.938856363296508789e-01
4.906497597694396973e-01
4.566489458084106445e-01
5.056428313255310059e-01
5.320751667022705078e-01
5.293338298797607422e-01
4.689878225326538086e-01
4.879561364650726318e-01
8.117156624794006348e-01
5.402459502220153809e-01
4.753621518611907959e-01
4.879491031169891357e-01
4.971892535686492920e-01
5.372664332389831543e-01
5.873284339904785156e-01
6.286299228668212891e-01
4.949773550033569336e-01
5.138562321662902832e-01
4.662506580352783203e-01
4.986472725868225098e-01
5.041037797927856445e-01
5.139693617820739746e-01
5.141621232032775879e-01
4.775258600711822510e-01
5.202084183692932129e-01
4.909602105617523193e-01
5.357226729393005371e-01
5.075997710227966309e-01
4.781141877174377441e-01
4.975309371948242188e-01
4.899459481239318848e-01
5.137105584144592285e-01
4.953220784664154053e-01
4.679854512214660645e-01
4.870111048221588135e-01
5.105693936347961426e-01
4.994367063045501709e-01
5.625186562538146973e-01
4.903592467308044434e-01
4.579045176506042480e-01
5.064107775688171387e-01
4.959406554698944092e-01
4.705919921398162842e-01
4.981791973114013672e-01
4.915737807750701904e-01
4.868148565292358398e-01
5.368875861167907715e-01
5.197731256484985352e-01
4.869408607482910156e-01
5.161476731300354004e-01
5.080112218856811523e-01
5.280221104621887207e-01
5.767164826393127441e-01
4.585831463336944580e-01
4.773090779781341553e-01
5.251564979553222656e-01
5.164032578468322754e-01
5.111234784126281738e-01
4.575164616107940674e-01
4.843459129333496094e-01
5.388193130493164062e-01
4.451606571674346924e-01
4.615067541599273682e-01
4.586544632911682129e-01
4.854331612586975098e-01
4.738196134567260742e-01
4.581783115863800049e-01
4.988000690937042236e-01
5.709980130195617676e-01
4.949227571487426758e-01
4.812310636043548584e-01
5.139021873474121094e-01
